(kicad_pcb (version 4) (host pcbnew 4.0.3-stable)

  (general
    (links 287)
    (no_connects 0)
    (area 0 0 0 0)
    (thickness 1.6002)
    (drawings 64)
    (tracks 1999)
    (zones 0)
    (modules 65)
    (nets 112)
  )

  (page A4)
  (title_block
    (title "MAX10 Test Board")
    (date 2016-10-04)
    (rev 0.1)
    (company "cafe-alpha & hitomi2500")
    (comment 2 "Distributed under GNU GENERAL PUBLIC LICENSE Version 2")
  )

  (layers
    (0 Front signal)
    (31 Back signal)
    (32 B.Adhes user)
    (33 F.Adhes user)
    (34 B.Paste user)
    (35 F.Paste user)
    (36 B.SilkS user)
    (37 F.SilkS user)
    (38 B.Mask user)
    (39 F.Mask user)
    (40 Dwgs.User user)
    (41 Cmts.User user)
    (42 Eco1.User user)
    (43 Eco2.User user)
    (44 Edge.Cuts user)
    (45 Margin user)
    (46 B.CrtYd user)
    (47 F.CrtYd user)
    (48 B.Fab user)
    (49 F.Fab user)
  )

  (setup
    (last_trace_width 0.4064)
    (user_trace_width 0.2031)
    (user_trace_width 0.4064)
    (user_trace_width 0.635)
    (user_trace_width 0.889)
    (trace_clearance 0.1524)
    (zone_clearance 0.508)
    (zone_45_only no)
    (trace_min 0.1524)
    (segment_width 0.381)
    (edge_width 0.381)
    (via_size 0.7)
    (via_drill 0.3)
    (via_min_size 0.7)
    (via_min_drill 0.3)
    (uvia_size 0.508)
    (uvia_drill 0.127)
    (uvias_allowed no)
    (uvia_min_size 0.508)
    (uvia_min_drill 0.127)
    (pcb_text_width 0.3048)
    (pcb_text_size 1.524 2.032)
    (mod_edge_width 0.381)
    (mod_text_size 1.524 1.524)
    (mod_text_width 0.3048)
    (pad_size 5 5)
    (pad_drill 0.762)
    (pad_to_mask_clearance 0.254)
    (aux_axis_origin 26.85796 172.2501)
    (visible_elements 7FFFFFFF)
    (pcbplotparams
      (layerselection 0x020f0_80000001)
      (usegerberextensions true)
      (excludeedgelayer true)
      (linewidth 0.152400)
      (plotframeref false)
      (viasonmask false)
      (mode 1)
      (useauxorigin false)
      (hpglpennumber 1)
      (hpglpenspeed 20)
      (hpglpendiameter 15)
      (hpglpenoverlay 0)
      (psnegative false)
      (psa4output false)
      (plotreference true)
      (plotvalue true)
      (plotinvisibletext false)
      (padsonsilk false)
      (subtractmaskfromsilk false)
      (outputformat 1)
      (mirror false)
      (drillshape 0)
      (scaleselection 1)
      (outputdirectory output/))
  )

  (net 0 "")
  (net 1 /+5V)
  (net 2 GND)
  (net 3 /+3_3V)
  (net 4 /SDR_DQ0)
  (net 5 /SDR_DQ1)
  (net 6 /SDR_DQ2)
  (net 7 /SDR_DQ3)
  (net 8 /SDR_DQ4)
  (net 9 /SDR_DQ5)
  (net 10 /SDR_DQ6)
  (net 11 /SDR_DQ7)
  (net 12 /SDR_DQML)
  (net 13 /SDR_WE)
  (net 14 /SDR_CAS)
  (net 15 /SDR_RAS)
  (net 16 /SDR_CS)
  (net 17 /SDR_BA0)
  (net 18 /SDR_BA1)
  (net 19 /SDR_A10)
  (net 20 /SDR_A0)
  (net 21 /SDR_A1)
  (net 22 /SDR_A2)
  (net 23 /SDR_A3)
  (net 24 /SDR_A4)
  (net 25 /SDR_A5)
  (net 26 /SDR_A6)
  (net 27 /SDR_A7)
  (net 28 /SDR_A8)
  (net 29 /SDR_A9)
  (net 30 /SDR_A11)
  (net 31 /SDR_CKE)
  (net 32 /SDR_CLK)
  (net 33 /SDR_DQMH)
  (net 34 /SDR_DQ8)
  (net 35 /SDR_DQ9)
  (net 36 /SDR_DQ10)
  (net 37 /SDR_DQ11)
  (net 38 /SDR_DQ12)
  (net 39 /SDR_DQ13)
  (net 40 /SDR_DQ14)
  (net 41 /SDR_DQ15)
  (net 42 /ABUS_3V_MUX_DATA_DIR)
  (net 43 /ABUS_3V_MUX_EN2)
  (net 44 /ABUS_3V_MUX15)
  (net 45 /ABUS_3V_MUX14)
  (net 46 /ABUS_3V_MUX13)
  (net 47 /ABUS_3V_MUX12)
  (net 48 /ABUS_3V_MUX11)
  (net 49 /ABUS_3V_MUX10)
  (net 50 /ABUS_3V_MUX9)
  (net 51 /ABUS_3V_MUX8)
  (net 52 /ABUS_3V_MUX_EN1)
  (net 53 /ABUS_3V_A19)
  (net 54 /ABUS_3V_A21)
  (net 55 /ABUS_3V_A23)
  (net 56 /ABUS_3V_A25)
  (net 57 /ABUS_3V_WR0)
  (net 58 /ABUS_3V_CS2)
  (net 59 /ABUS_3V_CS0)
  (net 60 /ABUS_3V_WR1)
  (net 61 /ABUS_3V_CS1)
  (net 62 /ABUS_3V_RD)
  (net 63 /ABUS_3V_MUX7)
  (net 64 /ABUS_3V_MUX6)
  (net 65 /ABUS_3V_MUX5)
  (net 66 /ABUS_3V_MUX4)
  (net 67 /ABUS_3V_MUX3)
  (net 68 /ABUS_3V_MUX2)
  (net 69 /ABUS_3V_MUX1)
  (net 70 /ABUS_3V_MUX0)
  (net 71 /ABUS_3V_IRQ)
  (net 72 /ABUS_3V_WAIT)
  (net 73 /RESET_3V)
  (net 74 /ABUS_3V_A16)
  (net 75 /ABUS_3V_A18)
  (net 76 /ABUS_3V_A20)
  (net 77 /ABUS_3V_A22)
  (net 78 /ABUS_3V_A24)
  (net 79 /ABUS_3V_A17)
  (net 80 /JTAG_TMS)
  (net 81 /JTAG_TCK)
  (net 82 /JTAG_TDI)
  (net 83 /JTAG_TDO)
  (net 84 /SDR_A12)
  (net 85 /SCSPCLK_3V)
  (net 86 /SSEL_3V)
  (net 87 /ISD_3V)
  (net 88 /IBCK_3V)
  (net 89 /ILRCK_3V)
  (net 90 "Net-(R92-Pad2)")
  (net 91 /SD_CS)
  (net 92 /SD_DIN)
  (net 93 /SD_CLK)
  (net 94 /SD_DOUT)
  (net 95 "Net-(LEDR1-Pad1)")
  (net 96 "Net-(LEDG1-Pad1)")
  (net 97 /LEDG1)
  (net 98 /LEDR1)
  (net 99 /WAIT_ENABLE)
  (net 100 "Net-(LEDR2-Pad1)")
  (net 101 "Net-(R12-Pad2)")
  (net 102 "Net-(R13-Pad2)")
  (net 103 /+3_3V_REGUL)
  (net 104 /+3_3V_EXT)
  (net 105 /CLKOUT_SPARE1)
  (net 106 /CLKOUT_SPARE2)
  (net 107 /SW1)
  (net 108 /SW2)
  (net 109 /LEDR2)
  (net 110 "Net-(JTAG1-Pad9)")
  (net 111 "Net-(JTAG1-Pad5)")

  (net_class Default "This is the default net class."
    (clearance 0.1524)
    (trace_width 0.1524)
    (via_dia 0.7)
    (via_drill 0.3)
    (uvia_dia 0.508)
    (uvia_drill 0.127)
    (add_net /+3_3V)
    (add_net /+3_3V_EXT)
    (add_net /+3_3V_REGUL)
    (add_net /+5V)
    (add_net /ABUS_3V_A16)
    (add_net /ABUS_3V_A17)
    (add_net /ABUS_3V_A18)
    (add_net /ABUS_3V_A19)
    (add_net /ABUS_3V_A20)
    (add_net /ABUS_3V_A21)
    (add_net /ABUS_3V_A22)
    (add_net /ABUS_3V_A23)
    (add_net /ABUS_3V_A24)
    (add_net /ABUS_3V_A25)
    (add_net /ABUS_3V_CS0)
    (add_net /ABUS_3V_CS1)
    (add_net /ABUS_3V_CS2)
    (add_net /ABUS_3V_IRQ)
    (add_net /ABUS_3V_MUX0)
    (add_net /ABUS_3V_MUX1)
    (add_net /ABUS_3V_MUX10)
    (add_net /ABUS_3V_MUX11)
    (add_net /ABUS_3V_MUX12)
    (add_net /ABUS_3V_MUX13)
    (add_net /ABUS_3V_MUX14)
    (add_net /ABUS_3V_MUX15)
    (add_net /ABUS_3V_MUX2)
    (add_net /ABUS_3V_MUX3)
    (add_net /ABUS_3V_MUX4)
    (add_net /ABUS_3V_MUX5)
    (add_net /ABUS_3V_MUX6)
    (add_net /ABUS_3V_MUX7)
    (add_net /ABUS_3V_MUX8)
    (add_net /ABUS_3V_MUX9)
    (add_net /ABUS_3V_MUX_DATA_DIR)
    (add_net /ABUS_3V_MUX_EN1)
    (add_net /ABUS_3V_MUX_EN2)
    (add_net /ABUS_3V_RD)
    (add_net /ABUS_3V_WAIT)
    (add_net /ABUS_3V_WR0)
    (add_net /ABUS_3V_WR1)
    (add_net /CLKOUT_SPARE1)
    (add_net /CLKOUT_SPARE2)
    (add_net /IBCK_3V)
    (add_net /ILRCK_3V)
    (add_net /ISD_3V)
    (add_net /JTAG_TCK)
    (add_net /JTAG_TDI)
    (add_net /JTAG_TDO)
    (add_net /JTAG_TMS)
    (add_net /LEDG1)
    (add_net /LEDR1)
    (add_net /LEDR2)
    (add_net /RESET_3V)
    (add_net /SCSPCLK_3V)
    (add_net /SDR_A0)
    (add_net /SDR_A1)
    (add_net /SDR_A10)
    (add_net /SDR_A11)
    (add_net /SDR_A12)
    (add_net /SDR_A2)
    (add_net /SDR_A3)
    (add_net /SDR_A4)
    (add_net /SDR_A5)
    (add_net /SDR_A6)
    (add_net /SDR_A7)
    (add_net /SDR_A8)
    (add_net /SDR_A9)
    (add_net /SDR_BA0)
    (add_net /SDR_BA1)
    (add_net /SDR_CAS)
    (add_net /SDR_CKE)
    (add_net /SDR_CLK)
    (add_net /SDR_CS)
    (add_net /SDR_DQ0)
    (add_net /SDR_DQ1)
    (add_net /SDR_DQ10)
    (add_net /SDR_DQ11)
    (add_net /SDR_DQ12)
    (add_net /SDR_DQ13)
    (add_net /SDR_DQ14)
    (add_net /SDR_DQ15)
    (add_net /SDR_DQ2)
    (add_net /SDR_DQ3)
    (add_net /SDR_DQ4)
    (add_net /SDR_DQ5)
    (add_net /SDR_DQ6)
    (add_net /SDR_DQ7)
    (add_net /SDR_DQ8)
    (add_net /SDR_DQ9)
    (add_net /SDR_DQMH)
    (add_net /SDR_DQML)
    (add_net /SDR_RAS)
    (add_net /SDR_WE)
    (add_net /SD_CLK)
    (add_net /SD_CS)
    (add_net /SD_DIN)
    (add_net /SD_DOUT)
    (add_net /SSEL_3V)
    (add_net /SW1)
    (add_net /SW2)
    (add_net /WAIT_ENABLE)
    (add_net GND)
    (add_net "Net-(JTAG1-Pad5)")
    (add_net "Net-(JTAG1-Pad9)")
    (add_net "Net-(LEDG1-Pad1)")
    (add_net "Net-(LEDR1-Pad1)")
    (add_net "Net-(LEDR2-Pad1)")
    (add_net "Net-(R12-Pad2)")
    (add_net "Net-(R13-Pad2)")
    (add_net "Net-(R92-Pad2)")
  )

  (module Resistors_SMD:R_0603_HandSoldering (layer Back) (tedit 57F384AC) (tstamp 55FA05DB)
    (at 60.8 131.9)
    (descr "Resistor SMD 0603, hand soldering")
    (tags "resistor 0603")
    (path /55F8C901)
    (attr smd)
    (fp_text reference R12 (at 3.825 -2.375) (layer B.SilkS)
      (effects (font (size 0.635 0.635) (thickness 0.127)) (justify mirror))
    )
    (fp_text value 10K (at 0 0) (layer B.SilkS) hide
      (effects (font (size 0.635 0.635) (thickness 0.127)) (justify mirror))
    )
    (fp_line (start -2 0.8) (end 2 0.8) (layer B.CrtYd) (width 0.05))
    (fp_line (start -2 -0.8) (end 2 -0.8) (layer B.CrtYd) (width 0.05))
    (fp_line (start -2 0.8) (end -2 -0.8) (layer B.CrtYd) (width 0.05))
    (fp_line (start 2 0.8) (end 2 -0.8) (layer B.CrtYd) (width 0.05))
    (fp_line (start 0.5 -0.675) (end -0.5 -0.675) (layer B.SilkS) (width 0.15))
    (fp_line (start -0.5 0.675) (end 0.5 0.675) (layer B.SilkS) (width 0.15))
    (pad 1 smd rect (at -1.1 0) (size 1.2 0.9) (layers Back B.Paste B.Mask)
      (net 3 /+3_3V))
    (pad 2 smd rect (at 1.1 0) (size 1.2 0.9) (layers Back B.Paste B.Mask)
      (net 101 "Net-(R12-Pad2)"))
    (model Resistors_SMD.3dshapes/R_0603_HandSoldering.wrl
      (at (xyz 0 0 0))
      (scale (xyz 1 1 1))
      (rotate (xyz 0 0 0))
    )
  )

  (module Resistors_SMD:R_0603_HandSoldering (layer Front) (tedit 57F4BCAA) (tstamp 55FA053C)
    (at 71.85 97.55 180)
    (descr "Resistor SMD 0603, hand soldering")
    (tags "resistor 0603")
    (path /560D10BA)
    (attr smd)
    (fp_text reference R17 (at 1.125 -1.475 180) (layer F.SilkS)
      (effects (font (size 0.635 0.635) (thickness 0.127)))
    )
    (fp_text value 10K (at -1.075 -1.475 180) (layer F.SilkS)
      (effects (font (size 0.635 0.635) (thickness 0.127)))
    )
    (fp_line (start -2 -0.8) (end 2 -0.8) (layer F.CrtYd) (width 0.05))
    (fp_line (start -2 0.8) (end 2 0.8) (layer F.CrtYd) (width 0.05))
    (fp_line (start -2 -0.8) (end -2 0.8) (layer F.CrtYd) (width 0.05))
    (fp_line (start 2 -0.8) (end 2 0.8) (layer F.CrtYd) (width 0.05))
    (fp_line (start 0.5 0.675) (end -0.5 0.675) (layer F.SilkS) (width 0.15))
    (fp_line (start -0.5 -0.675) (end 0.5 -0.675) (layer F.SilkS) (width 0.15))
    (pad 1 smd rect (at -1.1 0 180) (size 1.2 0.9) (layers Front F.Paste F.Mask)
      (net 3 /+3_3V))
    (pad 2 smd rect (at 1.1 0 180) (size 1.2 0.9) (layers Front F.Paste F.Mask)
      (net 82 /JTAG_TDI))
    (model Resistors_SMD.3dshapes/R_0603_HandSoldering.wrl
      (at (xyz 0 0 0))
      (scale (xyz 1 1 1))
      (rotate (xyz 0 0 0))
    )
  )

  (module Resistors_SMD:R_0603_HandSoldering (layer Front) (tedit 57F4BC8B) (tstamp 55FA0531)
    (at 71.85 95.15 180)
    (descr "Resistor SMD 0603, hand soldering")
    (tags "resistor 0603")
    (path /560D0EE3)
    (attr smd)
    (fp_text reference R16 (at 1.125 1.525 180) (layer F.SilkS)
      (effects (font (size 0.635 0.635) (thickness 0.127)))
    )
    (fp_text value 10K (at -1.075 1.525 180) (layer F.SilkS)
      (effects (font (size 0.635 0.635) (thickness 0.127)))
    )
    (fp_line (start -2 -0.8) (end 2 -0.8) (layer F.CrtYd) (width 0.05))
    (fp_line (start -2 0.8) (end 2 0.8) (layer F.CrtYd) (width 0.05))
    (fp_line (start -2 -0.8) (end -2 0.8) (layer F.CrtYd) (width 0.05))
    (fp_line (start 2 -0.8) (end 2 0.8) (layer F.CrtYd) (width 0.05))
    (fp_line (start 0.5 0.675) (end -0.5 0.675) (layer F.SilkS) (width 0.15))
    (fp_line (start -0.5 -0.675) (end 0.5 -0.675) (layer F.SilkS) (width 0.15))
    (pad 1 smd rect (at -1.1 0 180) (size 1.2 0.9) (layers Front F.Paste F.Mask)
      (net 3 /+3_3V))
    (pad 2 smd rect (at 1.1 0 180) (size 1.2 0.9) (layers Front F.Paste F.Mask)
      (net 80 /JTAG_TMS))
    (model Resistors_SMD.3dshapes/R_0603_HandSoldering.wrl
      (at (xyz 0 0 0))
      (scale (xyz 1 1 1))
      (rotate (xyz 0 0 0))
    )
  )

  (module Resistors_SMD:R_0603_HandSoldering (layer Front) (tedit 5780A157) (tstamp 55FA0526)
    (at 65.55 93.75 180)
    (descr "Resistor SMD 0603, hand soldering")
    (tags "resistor 0603")
    (path /560D4190)
    (attr smd)
    (fp_text reference R15 (at 0 -1.4 180) (layer F.SilkS)
      (effects (font (size 0.635 0.635) (thickness 0.127)))
    )
    (fp_text value 1K (at 0 -2.4 180) (layer F.SilkS)
      (effects (font (size 0.635 0.635) (thickness 0.127)))
    )
    (fp_line (start -2 -0.8) (end 2 -0.8) (layer F.CrtYd) (width 0.05))
    (fp_line (start -2 0.8) (end 2 0.8) (layer F.CrtYd) (width 0.05))
    (fp_line (start -2 -0.8) (end -2 0.8) (layer F.CrtYd) (width 0.05))
    (fp_line (start 2 -0.8) (end 2 0.8) (layer F.CrtYd) (width 0.05))
    (fp_line (start 0.5 0.675) (end -0.5 0.675) (layer F.SilkS) (width 0.15))
    (fp_line (start -0.5 -0.675) (end 0.5 -0.675) (layer F.SilkS) (width 0.15))
    (pad 1 smd rect (at -1.1 0 180) (size 1.2 0.9) (layers Front F.Paste F.Mask)
      (net 81 /JTAG_TCK))
    (pad 2 smd rect (at 1.1 0 180) (size 1.2 0.9) (layers Front F.Paste F.Mask)
      (net 2 GND))
    (model Resistors_SMD.3dshapes/R_0603_HandSoldering.wrl
      (at (xyz 0 0 0))
      (scale (xyz 1 1 1))
      (rotate (xyz 0 0 0))
    )
  )

  (module Resistors_SMD:R_0603_HandSoldering (layer Back) (tedit 57F384BA) (tstamp 55FA0504)
    (at 60.8 133.9)
    (descr "Resistor SMD 0603, hand soldering")
    (tags "resistor 0603")
    (path /55F8C9CC)
    (attr smd)
    (fp_text reference R13 (at 3.85 -5.375) (layer B.SilkS)
      (effects (font (size 0.635 0.635) (thickness 0.127)) (justify mirror))
    )
    (fp_text value 10K (at 0 0) (layer B.SilkS) hide
      (effects (font (size 0.635 0.635) (thickness 0.127)) (justify mirror))
    )
    (fp_line (start -2 0.8) (end 2 0.8) (layer B.CrtYd) (width 0.05))
    (fp_line (start -2 -0.8) (end 2 -0.8) (layer B.CrtYd) (width 0.05))
    (fp_line (start -2 0.8) (end -2 -0.8) (layer B.CrtYd) (width 0.05))
    (fp_line (start 2 0.8) (end 2 -0.8) (layer B.CrtYd) (width 0.05))
    (fp_line (start 0.5 -0.675) (end -0.5 -0.675) (layer B.SilkS) (width 0.15))
    (fp_line (start -0.5 0.675) (end 0.5 0.675) (layer B.SilkS) (width 0.15))
    (pad 1 smd rect (at -1.1 0) (size 1.2 0.9) (layers Back B.Paste B.Mask)
      (net 3 /+3_3V))
    (pad 2 smd rect (at 1.1 0) (size 1.2 0.9) (layers Back B.Paste B.Mask)
      (net 102 "Net-(R13-Pad2)"))
    (model Resistors_SMD.3dshapes/R_0603_HandSoldering.wrl
      (at (xyz 0 0 0))
      (scale (xyz 1 1 1))
      (rotate (xyz 0 0 0))
    )
  )

  (module Capacitors_SMD:C_0603_HandSoldering (layer Back) (tedit 57F4C416) (tstamp 55FA0338)
    (at 46.55 103.25 180)
    (descr "Capacitor SMD 0603, hand soldering")
    (tags "capacitor 0603")
    (path /553B8FA1)
    (attr smd)
    (fp_text reference C49 (at 3.475 0 180) (layer B.SilkS)
      (effects (font (size 0.635 0.635) (thickness 0.127)) (justify mirror))
    )
    (fp_text value 0.1uF (at 0 0 180) (layer B.SilkS) hide
      (effects (font (size 0.635 0.635) (thickness 0.127)) (justify mirror))
    )
    (fp_line (start -1.85 0.75) (end 1.85 0.75) (layer B.CrtYd) (width 0.05))
    (fp_line (start -1.85 -0.75) (end 1.85 -0.75) (layer B.CrtYd) (width 0.05))
    (fp_line (start -1.85 0.75) (end -1.85 -0.75) (layer B.CrtYd) (width 0.05))
    (fp_line (start 1.85 0.75) (end 1.85 -0.75) (layer B.CrtYd) (width 0.05))
    (fp_line (start -0.35 0.6) (end 0.35 0.6) (layer B.SilkS) (width 0.15))
    (fp_line (start 0.35 -0.6) (end -0.35 -0.6) (layer B.SilkS) (width 0.15))
    (pad 1 smd rect (at -0.95 0 180) (size 1.2 0.75) (layers Back B.Paste B.Mask)
      (net 3 /+3_3V))
    (pad 2 smd rect (at 0.95 0 180) (size 1.2 0.75) (layers Back B.Paste B.Mask)
      (net 2 GND))
    (model Capacitors_SMD.3dshapes/C_0603_HandSoldering.wrl
      (at (xyz 0 0 0))
      (scale (xyz 1 1 1))
      (rotate (xyz 0 0 0))
    )
  )

  (module Capacitors_SMD:C_0603_HandSoldering (layer Front) (tedit 578307A5) (tstamp 55FA032D)
    (at 74.55 120.05)
    (descr "Capacitor SMD 0603, hand soldering")
    (tags "capacitor 0603")
    (path /55383E5F)
    (attr smd)
    (fp_text reference C30 (at 0 1.275) (layer F.SilkS)
      (effects (font (size 0.635 0.635) (thickness 0.127)))
    )
    (fp_text value 0.1uF (at 0 0) (layer F.SilkS) hide
      (effects (font (size 0.635 0.635) (thickness 0.127)))
    )
    (fp_line (start -1.85 -0.75) (end 1.85 -0.75) (layer F.CrtYd) (width 0.05))
    (fp_line (start -1.85 0.75) (end 1.85 0.75) (layer F.CrtYd) (width 0.05))
    (fp_line (start -1.85 -0.75) (end -1.85 0.75) (layer F.CrtYd) (width 0.05))
    (fp_line (start 1.85 -0.75) (end 1.85 0.75) (layer F.CrtYd) (width 0.05))
    (fp_line (start -0.35 -0.6) (end 0.35 -0.6) (layer F.SilkS) (width 0.15))
    (fp_line (start 0.35 0.6) (end -0.35 0.6) (layer F.SilkS) (width 0.15))
    (pad 1 smd rect (at -0.95 0) (size 1.2 0.75) (layers Front F.Paste F.Mask)
      (net 3 /+3_3V))
    (pad 2 smd rect (at 0.95 0) (size 1.2 0.75) (layers Front F.Paste F.Mask)
      (net 2 GND))
    (model Capacitors_SMD.3dshapes/C_0603_HandSoldering.wrl
      (at (xyz 0 0 0))
      (scale (xyz 1 1 1))
      (rotate (xyz 0 0 0))
    )
  )

  (module Capacitors_SMD:C_0603_HandSoldering (layer Front) (tedit 577EC342) (tstamp 55FA0322)
    (at 53.45 137.7 270)
    (descr "Capacitor SMD 0603, hand soldering")
    (tags "capacitor 0603")
    (path /55383E52)
    (attr smd)
    (fp_text reference C29 (at 0.725 -1.85 540) (layer F.SilkS)
      (effects (font (size 0.635 0.635) (thickness 0.127)))
    )
    (fp_text value 0.1uF (at 0 0.025 270) (layer F.SilkS) hide
      (effects (font (size 0.635 0.635) (thickness 0.127)))
    )
    (fp_line (start -1.85 -0.75) (end 1.85 -0.75) (layer F.CrtYd) (width 0.05))
    (fp_line (start -1.85 0.75) (end 1.85 0.75) (layer F.CrtYd) (width 0.05))
    (fp_line (start -1.85 -0.75) (end -1.85 0.75) (layer F.CrtYd) (width 0.05))
    (fp_line (start 1.85 -0.75) (end 1.85 0.75) (layer F.CrtYd) (width 0.05))
    (fp_line (start -0.35 -0.6) (end 0.35 -0.6) (layer F.SilkS) (width 0.15))
    (fp_line (start 0.35 0.6) (end -0.35 0.6) (layer F.SilkS) (width 0.15))
    (pad 1 smd rect (at -0.95 0 270) (size 1.2 0.75) (layers Front F.Paste F.Mask)
      (net 3 /+3_3V))
    (pad 2 smd rect (at 0.95 0 270) (size 1.2 0.75) (layers Front F.Paste F.Mask)
      (net 2 GND))
    (model Capacitors_SMD.3dshapes/C_0603_HandSoldering.wrl
      (at (xyz 0 0 0))
      (scale (xyz 1 1 1))
      (rotate (xyz 0 0 0))
    )
  )

  (module Capacitors_SMD:C_0603_HandSoldering (layer Front) (tedit 57F09D8E) (tstamp 5549D216)
    (at 28.925 133.7 270)
    (descr "Capacitor SMD 0603, hand soldering")
    (tags "capacitor 0603")
    (path /5541BCBA)
    (attr smd)
    (fp_text reference C15 (at -2.925 0 360) (layer F.SilkS)
      (effects (font (size 0.635 0.635) (thickness 0.127)))
    )
    (fp_text value 0.1uF (at 0 0 270) (layer F.SilkS) hide
      (effects (font (size 0.635 0.635) (thickness 0.127)))
    )
    (fp_line (start -1.85 -0.75) (end 1.85 -0.75) (layer F.CrtYd) (width 0.05))
    (fp_line (start -1.85 0.75) (end 1.85 0.75) (layer F.CrtYd) (width 0.05))
    (fp_line (start -1.85 -0.75) (end -1.85 0.75) (layer F.CrtYd) (width 0.05))
    (fp_line (start 1.85 -0.75) (end 1.85 0.75) (layer F.CrtYd) (width 0.05))
    (fp_line (start -0.35 -0.6) (end 0.35 -0.6) (layer F.SilkS) (width 0.15))
    (fp_line (start 0.35 0.6) (end -0.35 0.6) (layer F.SilkS) (width 0.15))
    (pad 1 smd rect (at -0.95 0 270) (size 1.2 0.75) (layers Front F.Paste F.Mask)
      (net 1 /+5V))
    (pad 2 smd rect (at 0.95 0 270) (size 1.2 0.75) (layers Front F.Paste F.Mask)
      (net 2 GND))
    (model Capacitors_SMD.3dshapes/C_0603_HandSoldering.wrl
      (at (xyz 0 0 0))
      (scale (xyz 1 1 1))
      (rotate (xyz 0 0 0))
    )
  )

  (module Capacitors_SMD:C_0603_HandSoldering (layer Back) (tedit 577F52A5) (tstamp 5549D276)
    (at 66.4 133.15)
    (descr "Capacitor SMD 0603, hand soldering")
    (tags "capacitor 0603")
    (path /55383C59)
    (attr smd)
    (fp_text reference C31 (at 0 1.75) (layer B.SilkS)
      (effects (font (size 0.635 0.635) (thickness 0.127)) (justify mirror))
    )
    (fp_text value 0.1uF (at 0 0) (layer B.SilkS) hide
      (effects (font (size 0.635 0.635) (thickness 0.127)) (justify mirror))
    )
    (fp_line (start -1.85 0.75) (end 1.85 0.75) (layer B.CrtYd) (width 0.05))
    (fp_line (start -1.85 -0.75) (end 1.85 -0.75) (layer B.CrtYd) (width 0.05))
    (fp_line (start -1.85 0.75) (end -1.85 -0.75) (layer B.CrtYd) (width 0.05))
    (fp_line (start 1.85 0.75) (end 1.85 -0.75) (layer B.CrtYd) (width 0.05))
    (fp_line (start -0.35 0.6) (end 0.35 0.6) (layer B.SilkS) (width 0.15))
    (fp_line (start 0.35 -0.6) (end -0.35 -0.6) (layer B.SilkS) (width 0.15))
    (pad 1 smd rect (at -0.95 0) (size 1.2 0.75) (layers Back B.Paste B.Mask)
      (net 3 /+3_3V))
    (pad 2 smd rect (at 0.95 0) (size 1.2 0.75) (layers Back B.Paste B.Mask)
      (net 2 GND))
    (model Capacitors_SMD.3dshapes/C_0603_HandSoldering.wrl
      (at (xyz 0 0 0))
      (scale (xyz 1 1 1))
      (rotate (xyz 0 0 0))
    )
  )

  (module Capacitors_SMD:C_0603_HandSoldering (layer Back) (tedit 57F20A1A) (tstamp 5549D27C)
    (at 65 111.3 180)
    (descr "Capacitor SMD 0603, hand soldering")
    (tags "capacitor 0603")
    (path /55383C66)
    (attr smd)
    (fp_text reference C32 (at 0.975 1.85 360) (layer B.SilkS)
      (effects (font (size 0.635 0.635) (thickness 0.127)) (justify mirror))
    )
    (fp_text value 0.1uF (at 0 0 180) (layer B.SilkS) hide
      (effects (font (size 0.635 0.635) (thickness 0.127)) (justify mirror))
    )
    (fp_line (start -1.85 0.75) (end 1.85 0.75) (layer B.CrtYd) (width 0.05))
    (fp_line (start -1.85 -0.75) (end 1.85 -0.75) (layer B.CrtYd) (width 0.05))
    (fp_line (start -1.85 0.75) (end -1.85 -0.75) (layer B.CrtYd) (width 0.05))
    (fp_line (start 1.85 0.75) (end 1.85 -0.75) (layer B.CrtYd) (width 0.05))
    (fp_line (start -0.35 0.6) (end 0.35 0.6) (layer B.SilkS) (width 0.15))
    (fp_line (start 0.35 -0.6) (end -0.35 -0.6) (layer B.SilkS) (width 0.15))
    (pad 1 smd rect (at -0.95 0 180) (size 1.2 0.75) (layers Back B.Paste B.Mask)
      (net 3 /+3_3V))
    (pad 2 smd rect (at 0.95 0 180) (size 1.2 0.75) (layers Back B.Paste B.Mask)
      (net 2 GND))
    (model Capacitors_SMD.3dshapes/C_0603_HandSoldering.wrl
      (at (xyz 0 0 0))
      (scale (xyz 1 1 1))
      (rotate (xyz 0 0 0))
    )
  )

  (module Capacitors_SMD:C_0603_HandSoldering (layer Front) (tedit 5778790E) (tstamp 5549D288)
    (at 42.45 123.3 180)
    (descr "Capacitor SMD 0603, hand soldering")
    (tags "capacitor 0603")
    (path /55383D8D)
    (attr smd)
    (fp_text reference C34 (at 0.05 1.45 180) (layer F.SilkS)
      (effects (font (size 0.635 0.635) (thickness 0.127)))
    )
    (fp_text value 0.1uF (at 0 0 180) (layer F.SilkS) hide
      (effects (font (size 0.635 0.635) (thickness 0.127)))
    )
    (fp_line (start -1.85 -0.75) (end 1.85 -0.75) (layer F.CrtYd) (width 0.05))
    (fp_line (start -1.85 0.75) (end 1.85 0.75) (layer F.CrtYd) (width 0.05))
    (fp_line (start -1.85 -0.75) (end -1.85 0.75) (layer F.CrtYd) (width 0.05))
    (fp_line (start 1.85 -0.75) (end 1.85 0.75) (layer F.CrtYd) (width 0.05))
    (fp_line (start -0.35 -0.6) (end 0.35 -0.6) (layer F.SilkS) (width 0.15))
    (fp_line (start 0.35 0.6) (end -0.35 0.6) (layer F.SilkS) (width 0.15))
    (pad 1 smd rect (at -0.95 0 180) (size 1.2 0.75) (layers Front F.Paste F.Mask)
      (net 3 /+3_3V))
    (pad 2 smd rect (at 0.95 0 180) (size 1.2 0.75) (layers Front F.Paste F.Mask)
      (net 2 GND))
    (model Capacitors_SMD.3dshapes/C_0603_HandSoldering.wrl
      (at (xyz 0 0 0))
      (scale (xyz 1 1 1))
      (rotate (xyz 0 0 0))
    )
  )

  (module Capacitors_SMD:C_0603_HandSoldering (layer Front) (tedit 57830797) (tstamp 5549D28E)
    (at 74.55 130.825)
    (descr "Capacitor SMD 0603, hand soldering")
    (tags "capacitor 0603")
    (path /55387180)
    (attr smd)
    (fp_text reference C35 (at -0.025 1.2) (layer F.SilkS)
      (effects (font (size 0.635 0.635) (thickness 0.127)))
    )
    (fp_text value 0.1uF (at 0 0) (layer F.SilkS) hide
      (effects (font (size 0.635 0.635) (thickness 0.127)))
    )
    (fp_line (start -1.85 -0.75) (end 1.85 -0.75) (layer F.CrtYd) (width 0.05))
    (fp_line (start -1.85 0.75) (end 1.85 0.75) (layer F.CrtYd) (width 0.05))
    (fp_line (start -1.85 -0.75) (end -1.85 0.75) (layer F.CrtYd) (width 0.05))
    (fp_line (start 1.85 -0.75) (end 1.85 0.75) (layer F.CrtYd) (width 0.05))
    (fp_line (start -0.35 -0.6) (end 0.35 -0.6) (layer F.SilkS) (width 0.15))
    (fp_line (start 0.35 0.6) (end -0.35 0.6) (layer F.SilkS) (width 0.15))
    (pad 1 smd rect (at -0.95 0) (size 1.2 0.75) (layers Front F.Paste F.Mask)
      (net 3 /+3_3V))
    (pad 2 smd rect (at 0.95 0) (size 1.2 0.75) (layers Front F.Paste F.Mask)
      (net 2 GND))
    (model Capacitors_SMD.3dshapes/C_0603_HandSoldering.wrl
      (at (xyz 0 0 0))
      (scale (xyz 1 1 1))
      (rotate (xyz 0 0 0))
    )
  )

  (module Capacitors_SMD:C_0603_HandSoldering (layer Front) (tedit 5780A514) (tstamp 5549D294)
    (at 44.6 132.2 315)
    (descr "Capacitor SMD 0603, hand soldering")
    (tags "capacitor 0603")
    (path /5538718C)
    (attr smd)
    (fp_text reference C36 (at 0.025 1.45 315) (layer F.SilkS)
      (effects (font (size 0.635 0.635) (thickness 0.127)))
    )
    (fp_text value 0.1uF (at 0 0 315) (layer F.SilkS) hide
      (effects (font (size 0.635 0.635) (thickness 0.127)))
    )
    (fp_line (start -1.85 -0.75) (end 1.85 -0.75) (layer F.CrtYd) (width 0.05))
    (fp_line (start -1.85 0.75) (end 1.85 0.75) (layer F.CrtYd) (width 0.05))
    (fp_line (start -1.85 -0.75) (end -1.85 0.75) (layer F.CrtYd) (width 0.05))
    (fp_line (start 1.85 -0.75) (end 1.85 0.75) (layer F.CrtYd) (width 0.05))
    (fp_line (start -0.35 -0.6) (end 0.35 -0.6) (layer F.SilkS) (width 0.15))
    (fp_line (start 0.35 0.6) (end -0.35 0.6) (layer F.SilkS) (width 0.15))
    (pad 1 smd rect (at -0.95 0 315) (size 1.2 0.75) (layers Front F.Paste F.Mask)
      (net 3 /+3_3V))
    (pad 2 smd rect (at 0.95 0 315) (size 1.2 0.75) (layers Front F.Paste F.Mask)
      (net 2 GND))
    (model Capacitors_SMD.3dshapes/C_0603_HandSoldering.wrl
      (at (xyz 0 0 0))
      (scale (xyz 1 1 1))
      (rotate (xyz 0 0 0))
    )
  )

  (module Capacitors_SMD:C_0603_HandSoldering (layer Back) (tedit 57F20A2A) (tstamp 5549D29A)
    (at 60 111.3 180)
    (descr "Capacitor SMD 0603, hand soldering")
    (tags "capacitor 0603")
    (path /553870EB)
    (attr smd)
    (fp_text reference C37 (at 0 1.85 360) (layer B.SilkS)
      (effects (font (size 0.635 0.635) (thickness 0.127)) (justify mirror))
    )
    (fp_text value 0.1uF (at 0 0 180) (layer B.SilkS) hide
      (effects (font (size 0.635 0.635) (thickness 0.127)) (justify mirror))
    )
    (fp_line (start -1.85 0.75) (end 1.85 0.75) (layer B.CrtYd) (width 0.05))
    (fp_line (start -1.85 -0.75) (end 1.85 -0.75) (layer B.CrtYd) (width 0.05))
    (fp_line (start -1.85 0.75) (end -1.85 -0.75) (layer B.CrtYd) (width 0.05))
    (fp_line (start 1.85 0.75) (end 1.85 -0.75) (layer B.CrtYd) (width 0.05))
    (fp_line (start -0.35 0.6) (end 0.35 0.6) (layer B.SilkS) (width 0.15))
    (fp_line (start 0.35 -0.6) (end -0.35 -0.6) (layer B.SilkS) (width 0.15))
    (pad 1 smd rect (at -0.95 0 180) (size 1.2 0.75) (layers Back B.Paste B.Mask)
      (net 3 /+3_3V))
    (pad 2 smd rect (at 0.95 0 180) (size 1.2 0.75) (layers Back B.Paste B.Mask)
      (net 2 GND))
    (model Capacitors_SMD.3dshapes/C_0603_HandSoldering.wrl
      (at (xyz 0 0 0))
      (scale (xyz 1 1 1))
      (rotate (xyz 0 0 0))
    )
  )

  (module Capacitors_SMD:C_0603_HandSoldering (layer Front) (tedit 57F4C7A3) (tstamp 5549D2A0)
    (at 71.85 110.75 90)
    (descr "Capacitor SMD 0603, hand soldering")
    (tags "capacitor 0603")
    (path /553870F7)
    (attr smd)
    (fp_text reference C38 (at 2.55 0 180) (layer F.SilkS)
      (effects (font (size 0.635 0.635) (thickness 0.127)))
    )
    (fp_text value 0.1uF (at 0 0 90) (layer F.SilkS) hide
      (effects (font (size 0.635 0.635) (thickness 0.127)))
    )
    (fp_line (start -1.85 -0.75) (end 1.85 -0.75) (layer F.CrtYd) (width 0.05))
    (fp_line (start -1.85 0.75) (end 1.85 0.75) (layer F.CrtYd) (width 0.05))
    (fp_line (start -1.85 -0.75) (end -1.85 0.75) (layer F.CrtYd) (width 0.05))
    (fp_line (start 1.85 -0.75) (end 1.85 0.75) (layer F.CrtYd) (width 0.05))
    (fp_line (start -0.35 -0.6) (end 0.35 -0.6) (layer F.SilkS) (width 0.15))
    (fp_line (start 0.35 0.6) (end -0.35 0.6) (layer F.SilkS) (width 0.15))
    (pad 1 smd rect (at -0.95 0 90) (size 1.2 0.75) (layers Front F.Paste F.Mask)
      (net 3 /+3_3V))
    (pad 2 smd rect (at 0.95 0 90) (size 1.2 0.75) (layers Front F.Paste F.Mask)
      (net 2 GND))
    (model Capacitors_SMD.3dshapes/C_0603_HandSoldering.wrl
      (at (xyz 0 0 0))
      (scale (xyz 1 1 1))
      (rotate (xyz 0 0 0))
    )
  )

  (module Capacitors_SMD:C_0603_HandSoldering (layer Front) (tedit 5783078E) (tstamp 5549D2A6)
    (at 74.55 127.025)
    (descr "Capacitor SMD 0603, hand soldering")
    (tags "capacitor 0603")
    (path /5538AC1E)
    (attr smd)
    (fp_text reference C39 (at 0 1.175) (layer F.SilkS)
      (effects (font (size 0.635 0.635) (thickness 0.127)))
    )
    (fp_text value 0.1uF (at 0 0) (layer F.SilkS) hide
      (effects (font (size 0.635 0.635) (thickness 0.127)))
    )
    (fp_line (start -1.85 -0.75) (end 1.85 -0.75) (layer F.CrtYd) (width 0.05))
    (fp_line (start -1.85 0.75) (end 1.85 0.75) (layer F.CrtYd) (width 0.05))
    (fp_line (start -1.85 -0.75) (end -1.85 0.75) (layer F.CrtYd) (width 0.05))
    (fp_line (start 1.85 -0.75) (end 1.85 0.75) (layer F.CrtYd) (width 0.05))
    (fp_line (start -0.35 -0.6) (end 0.35 -0.6) (layer F.SilkS) (width 0.15))
    (fp_line (start 0.35 0.6) (end -0.35 0.6) (layer F.SilkS) (width 0.15))
    (pad 1 smd rect (at -0.95 0) (size 1.2 0.75) (layers Front F.Paste F.Mask)
      (net 3 /+3_3V))
    (pad 2 smd rect (at 0.95 0) (size 1.2 0.75) (layers Front F.Paste F.Mask)
      (net 2 GND))
    (model Capacitors_SMD.3dshapes/C_0603_HandSoldering.wrl
      (at (xyz 0 0 0))
      (scale (xyz 1 1 1))
      (rotate (xyz 0 0 0))
    )
  )

  (module Capacitors_SMD:C_0603_HandSoldering (layer Front) (tedit 5780A59C) (tstamp 5549D2AC)
    (at 59.85 91.85)
    (descr "Capacitor SMD 0603, hand soldering")
    (tags "capacitor 0603")
    (path /553B803A)
    (attr smd)
    (fp_text reference C40 (at -0.02 1.44) (layer F.SilkS)
      (effects (font (size 0.635 0.635) (thickness 0.127)))
    )
    (fp_text value 0.1uF (at 0 0) (layer F.SilkS) hide
      (effects (font (size 0.635 0.635) (thickness 0.127)))
    )
    (fp_line (start -1.85 -0.75) (end 1.85 -0.75) (layer F.CrtYd) (width 0.05))
    (fp_line (start -1.85 0.75) (end 1.85 0.75) (layer F.CrtYd) (width 0.05))
    (fp_line (start -1.85 -0.75) (end -1.85 0.75) (layer F.CrtYd) (width 0.05))
    (fp_line (start 1.85 -0.75) (end 1.85 0.75) (layer F.CrtYd) (width 0.05))
    (fp_line (start -0.35 -0.6) (end 0.35 -0.6) (layer F.SilkS) (width 0.15))
    (fp_line (start 0.35 0.6) (end -0.35 0.6) (layer F.SilkS) (width 0.15))
    (pad 1 smd rect (at -0.95 0) (size 1.2 0.75) (layers Front F.Paste F.Mask)
      (net 3 /+3_3V))
    (pad 2 smd rect (at 0.95 0) (size 1.2 0.75) (layers Front F.Paste F.Mask)
      (net 2 GND))
    (model Capacitors_SMD.3dshapes/C_0603_HandSoldering.wrl
      (at (xyz 0 0 0))
      (scale (xyz 1 1 1))
      (rotate (xyz 0 0 0))
    )
  )

  (module Capacitors_SMD:C_0603_HandSoldering (layer Front) (tedit 57787604) (tstamp 5549D2B2)
    (at 70.35 134.75 45)
    (descr "Capacitor SMD 0603, hand soldering")
    (tags "capacitor 0603")
    (path /5538AC2A)
    (attr smd)
    (fp_text reference C41 (at 0 -1.2 45) (layer F.SilkS)
      (effects (font (size 0.635 0.635) (thickness 0.127)))
    )
    (fp_text value 0.1uF (at 0 0 45) (layer F.SilkS) hide
      (effects (font (size 0.635 0.635) (thickness 0.127)))
    )
    (fp_line (start -1.85 -0.75) (end 1.85 -0.75) (layer F.CrtYd) (width 0.05))
    (fp_line (start -1.85 0.75) (end 1.85 0.75) (layer F.CrtYd) (width 0.05))
    (fp_line (start -1.85 -0.75) (end -1.85 0.75) (layer F.CrtYd) (width 0.05))
    (fp_line (start 1.85 -0.75) (end 1.85 0.75) (layer F.CrtYd) (width 0.05))
    (fp_line (start -0.35 -0.6) (end 0.35 -0.6) (layer F.SilkS) (width 0.15))
    (fp_line (start 0.35 0.6) (end -0.35 0.6) (layer F.SilkS) (width 0.15))
    (pad 1 smd rect (at -0.95 0 45) (size 1.2 0.75) (layers Front F.Paste F.Mask)
      (net 3 /+3_3V))
    (pad 2 smd rect (at 0.95 0 45) (size 1.2 0.75) (layers Front F.Paste F.Mask)
      (net 2 GND))
    (model Capacitors_SMD.3dshapes/C_0603_HandSoldering.wrl
      (at (xyz 0 0 0))
      (scale (xyz 1 1 1))
      (rotate (xyz 0 0 0))
    )
  )

  (module Capacitors_SMD:C_0603_HandSoldering (layer Back) (tedit 57787A43) (tstamp 5549D2B8)
    (at 51.15 111.3)
    (descr "Capacitor SMD 0603, hand soldering")
    (tags "capacitor 0603")
    (path /5538ABF8)
    (attr smd)
    (fp_text reference C42 (at -0.825 -1.425) (layer B.SilkS)
      (effects (font (size 0.635 0.635) (thickness 0.127)) (justify mirror))
    )
    (fp_text value 0.1uF (at 0 0) (layer B.SilkS) hide
      (effects (font (size 0.635 0.635) (thickness 0.127)) (justify mirror))
    )
    (fp_line (start -1.85 0.75) (end 1.85 0.75) (layer B.CrtYd) (width 0.05))
    (fp_line (start -1.85 -0.75) (end 1.85 -0.75) (layer B.CrtYd) (width 0.05))
    (fp_line (start -1.85 0.75) (end -1.85 -0.75) (layer B.CrtYd) (width 0.05))
    (fp_line (start 1.85 0.75) (end 1.85 -0.75) (layer B.CrtYd) (width 0.05))
    (fp_line (start -0.35 0.6) (end 0.35 0.6) (layer B.SilkS) (width 0.15))
    (fp_line (start 0.35 -0.6) (end -0.35 -0.6) (layer B.SilkS) (width 0.15))
    (pad 1 smd rect (at -0.95 0) (size 1.2 0.75) (layers Back B.Paste B.Mask)
      (net 3 /+3_3V))
    (pad 2 smd rect (at 0.95 0) (size 1.2 0.75) (layers Back B.Paste B.Mask)
      (net 2 GND))
    (model Capacitors_SMD.3dshapes/C_0603_HandSoldering.wrl
      (at (xyz 0 0 0))
      (scale (xyz 1 1 1))
      (rotate (xyz 0 0 0))
    )
  )

  (module Capacitors_SMD:C_0603_HandSoldering (layer Front) (tedit 5780A590) (tstamp 556FFFE4)
    (at 50.85 89)
    (descr "Capacitor SMD 0603, hand soldering")
    (tags "capacitor 0603")
    (path /553B8CD5)
    (attr smd)
    (fp_text reference C43 (at 0 1.39) (layer F.SilkS)
      (effects (font (size 0.635 0.635) (thickness 0.127)))
    )
    (fp_text value 0.1uF (at 0 0) (layer F.SilkS) hide
      (effects (font (size 0.635 0.635) (thickness 0.127)))
    )
    (fp_line (start -1.85 -0.75) (end 1.85 -0.75) (layer F.CrtYd) (width 0.05))
    (fp_line (start -1.85 0.75) (end 1.85 0.75) (layer F.CrtYd) (width 0.05))
    (fp_line (start -1.85 -0.75) (end -1.85 0.75) (layer F.CrtYd) (width 0.05))
    (fp_line (start 1.85 -0.75) (end 1.85 0.75) (layer F.CrtYd) (width 0.05))
    (fp_line (start -0.35 -0.6) (end 0.35 -0.6) (layer F.SilkS) (width 0.15))
    (fp_line (start 0.35 0.6) (end -0.35 0.6) (layer F.SilkS) (width 0.15))
    (pad 1 smd rect (at -0.95 0) (size 1.2 0.75) (layers Front F.Paste F.Mask)
      (net 3 /+3_3V))
    (pad 2 smd rect (at 0.95 0) (size 1.2 0.75) (layers Front F.Paste F.Mask)
      (net 2 GND))
    (model Capacitors_SMD.3dshapes/C_0603_HandSoldering.wrl
      (at (xyz 0 0 0))
      (scale (xyz 1 1 1))
      (rotate (xyz 0 0 0))
    )
  )

  (module Capacitors_SMD:C_0603_HandSoldering (layer Back) (tedit 57787A4D) (tstamp 5549D2C4)
    (at 51.15 113.35)
    (descr "Capacitor SMD 0603, hand soldering")
    (tags "capacitor 0603")
    (path /5538AC04)
    (attr smd)
    (fp_text reference C44 (at -0.825 1.5) (layer B.SilkS)
      (effects (font (size 0.635 0.635) (thickness 0.127)) (justify mirror))
    )
    (fp_text value 0.1uF (at 0 0) (layer B.SilkS) hide
      (effects (font (size 0.635 0.635) (thickness 0.127)) (justify mirror))
    )
    (fp_line (start -1.85 0.75) (end 1.85 0.75) (layer B.CrtYd) (width 0.05))
    (fp_line (start -1.85 -0.75) (end 1.85 -0.75) (layer B.CrtYd) (width 0.05))
    (fp_line (start -1.85 0.75) (end -1.85 -0.75) (layer B.CrtYd) (width 0.05))
    (fp_line (start 1.85 0.75) (end 1.85 -0.75) (layer B.CrtYd) (width 0.05))
    (fp_line (start -0.35 0.6) (end 0.35 0.6) (layer B.SilkS) (width 0.15))
    (fp_line (start 0.35 -0.6) (end -0.35 -0.6) (layer B.SilkS) (width 0.15))
    (pad 1 smd rect (at -0.95 0) (size 1.2 0.75) (layers Back B.Paste B.Mask)
      (net 3 /+3_3V))
    (pad 2 smd rect (at 0.95 0) (size 1.2 0.75) (layers Back B.Paste B.Mask)
      (net 2 GND))
    (model Capacitors_SMD.3dshapes/C_0603_HandSoldering.wrl
      (at (xyz 0 0 0))
      (scale (xyz 1 1 1))
      (rotate (xyz 0 0 0))
    )
  )

  (module Capacitors_SMD:C_0603_HandSoldering (layer Front) (tedit 5780A78C) (tstamp 5549D2CA)
    (at 33.425 91.275 270)
    (descr "Capacitor SMD 0603, hand soldering")
    (tags "capacitor 0603")
    (path /553B8D6D)
    (attr smd)
    (fp_text reference C45 (at -1.125 -2.05 360) (layer F.SilkS)
      (effects (font (size 0.635 0.635) (thickness 0.127)))
    )
    (fp_text value 0.1uF (at 0 0 270) (layer F.SilkS) hide
      (effects (font (size 0.635 0.635) (thickness 0.127)))
    )
    (fp_line (start -1.85 -0.75) (end 1.85 -0.75) (layer F.CrtYd) (width 0.05))
    (fp_line (start -1.85 0.75) (end 1.85 0.75) (layer F.CrtYd) (width 0.05))
    (fp_line (start -1.85 -0.75) (end -1.85 0.75) (layer F.CrtYd) (width 0.05))
    (fp_line (start 1.85 -0.75) (end 1.85 0.75) (layer F.CrtYd) (width 0.05))
    (fp_line (start -0.35 -0.6) (end 0.35 -0.6) (layer F.SilkS) (width 0.15))
    (fp_line (start 0.35 0.6) (end -0.35 0.6) (layer F.SilkS) (width 0.15))
    (pad 1 smd rect (at -0.95 0 270) (size 1.2 0.75) (layers Front F.Paste F.Mask)
      (net 3 /+3_3V))
    (pad 2 smd rect (at 0.95 0 270) (size 1.2 0.75) (layers Front F.Paste F.Mask)
      (net 2 GND))
    (model Capacitors_SMD.3dshapes/C_0603_HandSoldering.wrl
      (at (xyz 0 0 0))
      (scale (xyz 1 1 1))
      (rotate (xyz 0 0 0))
    )
  )

  (module Capacitors_SMD:C_0603_HandSoldering (layer Front) (tedit 57F4C793) (tstamp 5549D2D0)
    (at 73.8 110.75 90)
    (descr "Capacitor SMD 0603, hand soldering")
    (tags "capacitor 0603")
    (path /5538ABE0)
    (attr smd)
    (fp_text reference C46 (at 2.55 0 180) (layer F.SilkS)
      (effects (font (size 0.635 0.635) (thickness 0.127)))
    )
    (fp_text value 0.1uF (at 0 0 90) (layer F.SilkS) hide
      (effects (font (size 0.635 0.635) (thickness 0.127)))
    )
    (fp_line (start -1.85 -0.75) (end 1.85 -0.75) (layer F.CrtYd) (width 0.05))
    (fp_line (start -1.85 0.75) (end 1.85 0.75) (layer F.CrtYd) (width 0.05))
    (fp_line (start -1.85 -0.75) (end -1.85 0.75) (layer F.CrtYd) (width 0.05))
    (fp_line (start 1.85 -0.75) (end 1.85 0.75) (layer F.CrtYd) (width 0.05))
    (fp_line (start -0.35 -0.6) (end 0.35 -0.6) (layer F.SilkS) (width 0.15))
    (fp_line (start 0.35 0.6) (end -0.35 0.6) (layer F.SilkS) (width 0.15))
    (pad 1 smd rect (at -0.95 0 90) (size 1.2 0.75) (layers Front F.Paste F.Mask)
      (net 3 /+3_3V))
    (pad 2 smd rect (at 0.95 0 90) (size 1.2 0.75) (layers Front F.Paste F.Mask)
      (net 2 GND))
    (model Capacitors_SMD.3dshapes/C_0603_HandSoldering.wrl
      (at (xyz 0 0 0))
      (scale (xyz 1 1 1))
      (rotate (xyz 0 0 0))
    )
  )

  (module Capacitors_SMD:C_0603_HandSoldering (layer Front) (tedit 57F38540) (tstamp 5549D2D6)
    (at 48.3 135.9 135)
    (descr "Capacitor SMD 0603, hand soldering")
    (tags "capacitor 0603")
    (path /5538ABEC)
    (attr smd)
    (fp_text reference C47 (at 1.962221 -3.836054 135) (layer F.SilkS)
      (effects (font (size 0.635 0.635) (thickness 0.127)))
    )
    (fp_text value 0.1uF (at 0 0 135) (layer F.SilkS) hide
      (effects (font (size 0.635 0.635) (thickness 0.127)))
    )
    (fp_line (start -1.85 -0.75) (end 1.85 -0.75) (layer F.CrtYd) (width 0.05))
    (fp_line (start -1.85 0.75) (end 1.85 0.75) (layer F.CrtYd) (width 0.05))
    (fp_line (start -1.85 -0.75) (end -1.85 0.75) (layer F.CrtYd) (width 0.05))
    (fp_line (start 1.85 -0.75) (end 1.85 0.75) (layer F.CrtYd) (width 0.05))
