(kicad_pcb (version 4) (host pcbnew 4.0.3-stable)

  (general
    (links 514)
    (no_connects 0)
    (area 0 0 0 0)
    (thickness 1.6002)
    (drawings 57)
    (tracks 4254)
    (zones 0)
    (modules 85)
    (nets 173)
  )

  (page A4)
  (title_block
    (title Wasca)
    (date 2018-08-31)
    (rev 1.3)
    (company "cafe-alpha & hitomi2500")
    (comment 2 "Distributed under GNU GENERAL PUBLIC LICENSE Version 2")
  )

  (layers
    (0 Front signal)
    (31 Back signal)
    (32 B.Adhes user)
    (33 F.Adhes user)
    (34 B.Paste user)
    (35 F.Paste user)
    (36 B.SilkS user)
    (37 F.SilkS user)
    (38 B.Mask user)
    (39 F.Mask user)
    (40 Dwgs.User user)
    (41 Cmts.User user)
    (42 Eco1.User user)
    (43 Eco2.User user)
    (44 Edge.Cuts user)
    (45 Margin user)
    (46 B.CrtYd user)
    (47 F.CrtYd user)
    (48 B.Fab user)
    (49 F.Fab user)
  )

  (setup
    (last_trace_width 0.1524)
    (user_trace_width 0.2031)
    (user_trace_width 0.4064)
    (user_trace_width 0.635)
    (user_trace_width 0.889)
    (trace_clearance 0.1524)
    (zone_clearance 0.508)
    (zone_45_only no)
    (trace_min 0.1524)
    (segment_width 0.381)
    (edge_width 0.381)
    (via_size 0.7)
    (via_drill 0.3)
    (via_min_size 0.7)
    (via_min_drill 0.3)
    (uvia_size 0.508)
    (uvia_drill 0.127)
    (uvias_allowed no)
    (uvia_min_size 0.508)
    (uvia_min_drill 0.127)
    (pcb_text_width 0.3048)
    (pcb_text_size 1.524 2.032)
    (mod_edge_width 0.381)
    (mod_text_size 1.524 1.524)
    (mod_text_width 0.3048)
    (pad_size 5 5)
    (pad_drill 0.762)
    (pad_to_mask_clearance 0.254)
    (aux_axis_origin 26.85796 172.2501)
    (visible_elements 7FFFFFFF)
    (pcbplotparams
      (layerselection 0x020f0_80000001)
      (usegerberextensions true)
      (excludeedgelayer true)
      (linewidth 0.152400)
      (plotframeref false)
      (viasonmask false)
      (mode 1)
      (useauxorigin false)
      (hpglpennumber 1)
      (hpglpenspeed 20)
      (hpglpendiameter 15)
      (hpglpenoverlay 0)
      (psnegative false)
      (psa4output false)
      (plotreference true)
      (plotvalue true)
      (plotinvisibletext false)
      (padsonsilk false)
      (subtractmaskfromsilk false)
      (outputformat 1)
      (mirror false)
      (drillshape 0)
      (scaleselection 1)
      (outputdirectory output/))
  )

  (net 0 "")
  (net 1 /+5V)
  (net 2 GND)
  (net 3 /+3_3V)
  (net 4 /ABUS_A24)
  (net 5 /ABUS_A22)
  (net 6 /ABUS_A20)
  (net 7 /ABUS_A18)
  (net 8 /ABUS_A16)
  (net 9 /RESET)
  (net 10 /ABUS_A25)
  (net 11 /ABUS_A23)
  (net 12 /ABUS_A21)
  (net 13 /ABUS_A19)
  (net 14 /ABUS_A17)
  (net 15 /ABUS_A15)
  (net 16 /ABUS_A12)
  (net 17 /ABUS_A13)
  (net 18 /ABUS_A8)
  (net 19 /ABUS_A9)
  (net 20 /ABUS_A11)
  (net 21 /ABUS_A10)
  (net 22 /ABUS_A1)
  (net 23 /ABUS_CS0)
  (net 24 /ABUS_CS2)
  (net 25 /ABUS_WR0)
  (net 26 /ABUS_D0)
  (net 27 /ABUS_D1)
  (net 28 /ABUS_D2)
  (net 29 /ABUS_D3)
  (net 30 /ABUS_D8)
  (net 31 /ABUS_D9)
  (net 32 /ABUS_D10)
  (net 33 /ABUS_D11)
  (net 34 /ABUS_A14)
  (net 35 /ABUS_A7)
  (net 36 /ABUS_A6)
  (net 37 /ABUS_A5)
  (net 38 /ABUS_A4)
  (net 39 /ABUS_A3)
  (net 40 /ABUS_A2)
  (net 41 /ABUS_A0)
  (net 42 /ABUS_RD)
  (net 43 /ABUS_CS1)
  (net 44 /ABUS_WR1)
  (net 45 /ABUS_WAIT)
  (net 46 /ABUS_IRQ)
  (net 47 /SDR_DQ0)
  (net 48 /SDR_DQ1)
  (net 49 /SDR_DQ2)
  (net 50 /SDR_DQ3)
  (net 51 /SDR_DQ4)
  (net 52 /SDR_DQ5)
  (net 53 /SDR_DQ6)
  (net 54 /SDR_DQ7)
  (net 55 /SDR_DQML)
  (net 56 /SDR_WE)
  (net 57 /SDR_CAS)
  (net 58 /SDR_RAS)
  (net 59 /SDR_CS)
  (net 60 /SDR_BA0)
  (net 61 /SDR_BA1)
  (net 62 /SDR_A10)
  (net 63 /SDR_A0)
  (net 64 /SDR_A1)
  (net 65 /SDR_A2)
  (net 66 /SDR_A3)
  (net 67 /SDR_A4)
  (net 68 /SDR_A5)
  (net 69 /SDR_A6)
  (net 70 /SDR_A7)
  (net 71 /SDR_A8)
  (net 72 /SDR_A9)
  (net 73 /SDR_A11)
  (net 74 /SDR_CKE)
  (net 75 /SDR_CLK)
  (net 76 /SDR_DQMH)
  (net 77 /SDR_DQ8)
  (net 78 /SDR_DQ9)
  (net 79 /SDR_DQ10)
  (net 80 /SDR_DQ11)
  (net 81 /SDR_DQ12)
  (net 82 /SDR_DQ13)
  (net 83 /SDR_DQ14)
  (net 84 /SDR_DQ15)
  (net 85 /ABUS_3V_MUX_DATA_DIR)
  (net 86 /ABUS_3V_MUX_EN2)
  (net 87 /ABUS_3V_MUX15)
  (net 88 /ABUS_3V_MUX14)
  (net 89 /ABUS_3V_MUX13)
  (net 90 /ABUS_3V_MUX12)
  (net 91 /ABUS_3V_MUX11)
  (net 92 /ABUS_3V_MUX10)
  (net 93 /ABUS_3V_MUX9)
  (net 94 /ABUS_3V_MUX8)
  (net 95 /ABUS_3V_MUX_EN1)
  (net 96 /ABUS_3V_A19)
  (net 97 /ABUS_3V_A21)
  (net 98 /ABUS_3V_A23)
  (net 99 /ABUS_3V_A25)
  (net 100 /ABUS_3V_WR0)
  (net 101 /ABUS_3V_CS2)
  (net 102 /ABUS_3V_CS0)
  (net 103 /ABUS_3V_WR1)
  (net 104 /ABUS_3V_CS1)
  (net 105 /ABUS_3V_RD)
  (net 106 /ABUS_3V_MUX7)
  (net 107 /ABUS_3V_MUX6)
  (net 108 /ABUS_3V_MUX5)
  (net 109 /ABUS_3V_MUX4)
  (net 110 /ABUS_3V_MUX3)
  (net 111 /ABUS_3V_MUX2)
  (net 112 /ABUS_3V_MUX1)
  (net 113 /ABUS_3V_MUX0)
  (net 114 /ABUS_3V_IRQ)
  (net 115 /ABUS_3V_WAIT)
  (net 116 /RESET_3V)
  (net 117 /ABUS_3V_A16)
  (net 118 /ABUS_3V_A18)
  (net 119 /ABUS_3V_A20)
  (net 120 /ABUS_3V_A22)
  (net 121 /ABUS_3V_A24)
  (net 122 /ABUS_3V_A17)
  (net 123 /JTAG_TMS)
  (net 124 /JTAG_TCK)
  (net 125 /JTAG_TDI)
  (net 126 /JTAG_TDO)
  (net 127 /ABUS_D7)
  (net 128 /ABUS_D6)
  (net 129 /ABUS_D5)
  (net 130 /ABUS_D4)
  (net 131 /ABUS_D15)
  (net 132 /ABUS_D14)
  (net 133 /ABUS_D13)
  (net 134 /ABUS_D12)
  (net 135 /SDR_A12)
  (net 136 /SCSPCLK)
  (net 137 /SCSPCLK_3V)
  (net 138 /ISD)
  (net 139 /IBCK)
  (net 140 /ILRCK)
  (net 141 /SSEL)
  (net 142 /SSEL_3V)
  (net 143 /ISD_3V)
  (net 144 /IBCK_3V)
  (net 145 /ILRCK_3V)
  (net 146 "Net-(R92-Pad2)")
  (net 147 /SD_CS)
  (net 148 /SD_DIN)
  (net 149 /SD_CLK)
  (net 150 /SD_DOUT)
  (net 151 "Net-(LEDR1-Pad1)")
  (net 152 "Net-(LEDG1-Pad1)")
  (net 153 /LEDG1)
  (net 154 /LEDR1)
  (net 155 /WAIT_ENABLE)
  (net 156 /DDR_SPARE1)
  (net 157 /DDR_SPARE3)
  (net 158 /DDR_SPARE2)
  (net 159 "Net-(LEDO1-Pad1)")
  (net 160 "Net-(C154-Pad1)")
  (net 161 "Net-(R152-Pad1)")
  (net 162 "Net-(R152-Pad2)")
  (net 163 /UART_RXING)
  (net 164 "Net-(R155-Pad2)")
  (net 165 /UART_TXING)
  (net 166 "Net-(R156-Pad2)")
  (net 167 /M10_UART_RX)
  (net 168 /M10_UART_TX)
  (net 169 "Net-(U151-Pad15)")
  (net 170 "Net-(U151-Pad16)")
  (net 171 /M10_SPARE1)
  (net 172 /M10_SPARE2)

  (net_class Default "This is the default net class."
    (clearance 0.1524)
    (trace_width 0.1524)
    (via_dia 0.7)
    (via_drill 0.3)
    (uvia_dia 0.508)
    (uvia_drill 0.127)
    (add_net /+3_3V)
    (add_net /+5V)
    (add_net /ABUS_3V_A16)
    (add_net /ABUS_3V_A17)
    (add_net /ABUS_3V_A18)
    (add_net /ABUS_3V_A19)
    (add_net /ABUS_3V_A20)
    (add_net /ABUS_3V_A21)
    (add_net /ABUS_3V_A22)
    (add_net /ABUS_3V_A23)
    (add_net /ABUS_3V_A24)
    (add_net /ABUS_3V_A25)
    (add_net /ABUS_3V_CS0)
    (add_net /ABUS_3V_CS1)
    (add_net /ABUS_3V_CS2)
    (add_net /ABUS_3V_IRQ)
    (add_net /ABUS_3V_MUX0)
    (add_net /ABUS_3V_MUX1)
    (add_net /ABUS_3V_MUX10)
    (add_net /ABUS_3V_MUX11)
    (add_net /ABUS_3V_MUX12)
    (add_net /ABUS_3V_MUX13)
    (add_net /ABUS_3V_MUX14)
    (add_net /ABUS_3V_MUX15)
    (add_net /ABUS_3V_MUX2)
    (add_net /ABUS_3V_MUX3)
    (add_net /ABUS_3V_MUX4)
    (add_net /ABUS_3V_MUX5)
    (add_net /ABUS_3V_MUX6)
    (add_net /ABUS_3V_MUX7)
    (add_net /ABUS_3V_MUX8)
    (add_net /ABUS_3V_MUX9)
    (add_net /ABUS_3V_MUX_DATA_DIR)
    (add_net /ABUS_3V_MUX_EN1)
    (add_net /ABUS_3V_MUX_EN2)
    (add_net /ABUS_3V_RD)
    (add_net /ABUS_3V_WAIT)
    (add_net /ABUS_3V_WR0)
    (add_net /ABUS_3V_WR1)
    (add_net /ABUS_A0)
    (add_net /ABUS_A1)
    (add_net /ABUS_A10)
    (add_net /ABUS_A11)
    (add_net /ABUS_A12)
    (add_net /ABUS_A13)
    (add_net /ABUS_A14)
    (add_net /ABUS_A15)
    (add_net /ABUS_A16)
    (add_net /ABUS_A17)
    (add_net /ABUS_A18)
    (add_net /ABUS_A19)
    (add_net /ABUS_A2)
    (add_net /ABUS_A20)
    (add_net /ABUS_A21)
    (add_net /ABUS_A22)
    (add_net /ABUS_A23)
    (add_net /ABUS_A24)
    (add_net /ABUS_A25)
    (add_net /ABUS_A3)
    (add_net /ABUS_A4)
    (add_net /ABUS_A5)
    (add_net /ABUS_A6)
    (add_net /ABUS_A7)
    (add_net /ABUS_A8)
    (add_net /ABUS_A9)
    (add_net /ABUS_CS0)
    (add_net /ABUS_CS1)
    (add_net /ABUS_CS2)
    (add_net /ABUS_D0)
    (add_net /ABUS_D1)
    (add_net /ABUS_D10)
    (add_net /ABUS_D11)
    (add_net /ABUS_D12)
    (add_net /ABUS_D13)
    (add_net /ABUS_D14)
    (add_net /ABUS_D15)
    (add_net /ABUS_D2)
    (add_net /ABUS_D3)
    (add_net /ABUS_D4)
    (add_net /ABUS_D5)
    (add_net /ABUS_D6)
    (add_net /ABUS_D7)
    (add_net /ABUS_D8)
    (add_net /ABUS_D9)
    (add_net /ABUS_IRQ)
    (add_net /ABUS_RD)
    (add_net /ABUS_WAIT)
    (add_net /ABUS_WR0)
    (add_net /ABUS_WR1)
    (add_net /DDR_SPARE1)
    (add_net /DDR_SPARE2)
    (add_net /DDR_SPARE3)
    (add_net /IBCK)
    (add_net /IBCK_3V)
    (add_net /ILRCK)
    (add_net /ILRCK_3V)
    (add_net /ISD)
    (add_net /ISD_3V)
    (add_net /JTAG_TCK)
    (add_net /JTAG_TDI)
    (add_net /JTAG_TDO)
    (add_net /JTAG_TMS)
    (add_net /LEDG1)
    (add_net /LEDR1)
    (add_net /M10_SPARE1)
    (add_net /M10_SPARE2)
    (add_net /M10_UART_RX)
    (add_net /M10_UART_TX)
    (add_net /RESET)
    (add_net /RESET_3V)
    (add_net /SCSPCLK)
    (add_net /SCSPCLK_3V)
    (add_net /SDR_A0)
    (add_net /SDR_A1)
    (add_net /SDR_A10)
    (add_net /SDR_A11)
    (add_net /SDR_A12)
    (add_net /SDR_A2)
    (add_net /SDR_A3)
    (add_net /SDR_A4)
    (add_net /SDR_A5)
    (add_net /SDR_A6)
    (add_net /SDR_A7)
    (add_net /SDR_A8)
    (add_net /SDR_A9)
    (add_net /SDR_BA0)
    (add_net /SDR_BA1)
    (add_net /SDR_CAS)
    (add_net /SDR_CKE)
    (add_net /SDR_CLK)
    (add_net /SDR_CS)
    (add_net /SDR_DQ0)
    (add_net /SDR_DQ1)
    (add_net /SDR_DQ10)
    (add_net /SDR_DQ11)
    (add_net /SDR_DQ12)
    (add_net /SDR_DQ13)
    (add_net /SDR_DQ14)
    (add_net /SDR_DQ15)
    (add_net /SDR_DQ2)
    (add_net /SDR_DQ3)
    (add_net /SDR_DQ4)
    (add_net /SDR_DQ5)
    (add_net /SDR_DQ6)
    (add_net /SDR_DQ7)
    (add_net /SDR_DQ8)
    (add_net /SDR_DQ9)
    (add_net /SDR_DQMH)
    (add_net /SDR_DQML)
    (add_net /SDR_RAS)
    (add_net /SDR_WE)
    (add_net /SD_CLK)
    (add_net /SD_CS)
    (add_net /SD_DIN)
    (add_net /SD_DOUT)
    (add_net /SSEL)
    (add_net /SSEL_3V)
    (add_net /UART_RXING)
    (add_net /UART_TXING)
    (add_net /WAIT_ENABLE)
    (add_net GND)
    (add_net "Net-(C154-Pad1)")
    (add_net "Net-(LEDG1-Pad1)")
    (add_net "Net-(LEDO1-Pad1)")
    (add_net "Net-(LEDR1-Pad1)")
    (add_net "Net-(R152-Pad1)")
    (add_net "Net-(R152-Pad2)")
    (add_net "Net-(R155-Pad2)")
    (add_net "Net-(R156-Pad2)")
    (add_net "Net-(R92-Pad2)")
    (add_net "Net-(U151-Pad15)")
    (add_net "Net-(U151-Pad16)")
  )

  (module Resistors_SMD:R_0603_HandSoldering (layer Back) (tedit 5783081B) (tstamp 55FA05DB)
    (at 76.15 132)
    (descr "Resistor SMD 0603, hand soldering")
    (tags "resistor 0603")
    (path /55F8C901)
    (attr smd)
    (fp_text reference R12 (at 1.2 1.475) (layer B.SilkS)
      (effects (font (size 0.635 0.635) (thickness 0.127)) (justify mirror))
    )
    (fp_text value 10K (at 1.225 2.45) (layer B.SilkS)
      (effects (font (size 0.635 0.635) (thickness 0.127)) (justify mirror))
    )
    (fp_line (start -2 0.8) (end 2 0.8) (layer B.CrtYd) (width 0.05))
    (fp_line (start -2 -0.8) (end 2 -0.8) (layer B.CrtYd) (width 0.05))
    (fp_line (start -2 0.8) (end -2 -0.8) (layer B.CrtYd) (width 0.05))
    (fp_line (start 2 0.8) (end 2 -0.8) (layer B.CrtYd) (width 0.05))
    (fp_line (start 0.5 -0.675) (end -0.5 -0.675) (layer B.SilkS) (width 0.15))
    (fp_line (start -0.5 0.675) (end 0.5 0.675) (layer B.SilkS) (width 0.15))
    (pad 1 smd rect (at -1.1 0) (size 1.2 0.9) (layers Back B.Paste B.Mask)
      (net 3 /+3_3V))
    (pad 2 smd rect (at 1.1 0) (size 1.2 0.9) (layers Back B.Paste B.Mask)
      (net 111 /ABUS_3V_MUX2))
    (model Resistors_SMD.3dshapes/R_0603_HandSoldering.wrl
      (at (xyz 0 0 0))
      (scale (xyz 1 1 1))
      (rotate (xyz 0 0 0))
    )
  )

  (module Resistors_SMD:R_0603_HandSoldering (layer Front) (tedit 577875A0) (tstamp 55FA0504)
    (at 78.35 133.275)
    (descr "Resistor SMD 0603, hand soldering")
    (tags "resistor 0603")
    (path /55F8C9CC)
    (attr smd)
    (fp_text reference R13 (at -1.2 1.425) (layer F.SilkS)
      (effects (font (size 0.635 0.635) (thickness 0.127)))
    )
    (fp_text value 10K (at 1.075 1.45) (layer F.SilkS)
      (effects (font (size 0.635 0.635) (thickness 0.127)))
    )
    (fp_line (start -2 -0.8) (end 2 -0.8) (layer F.CrtYd) (width 0.05))
    (fp_line (start -2 0.8) (end 2 0.8) (layer F.CrtYd) (width 0.05))
    (fp_line (start -2 -0.8) (end -2 0.8) (layer F.CrtYd) (width 0.05))
    (fp_line (start 2 -0.8) (end 2 0.8) (layer F.CrtYd) (width 0.05))
    (fp_line (start 0.5 0.675) (end -0.5 0.675) (layer F.SilkS) (width 0.15))
    (fp_line (start -0.5 -0.675) (end 0.5 -0.675) (layer F.SilkS) (width 0.15))
    (pad 1 smd rect (at -1.1 0) (size 1.2 0.9) (layers Front F.Paste F.Mask)
      (net 3 /+3_3V))
    (pad 2 smd rect (at 1.1 0) (size 1.2 0.9) (layers Front F.Paste F.Mask)
      (net 155 /WAIT_ENABLE))
    (model Resistors_SMD.3dshapes/R_0603_HandSoldering.wrl
      (at (xyz 0 0 0))
      (scale (xyz 1 1 1))
      (rotate (xyz 0 0 0))
    )
  )

  (module Capacitors_SMD:C_0603_HandSoldering (layer Front) (tedit 578307A5) (tstamp 55FA032D)
    (at 74.55 120.05)
    (descr "Capacitor SMD 0603, hand soldering")
    (tags "capacitor 0603")
    (path /55383E5F)
    (attr smd)
    (fp_text reference C30 (at 0 1.275) (layer F.SilkS)
      (effects (font (size 0.635 0.635) (thickness 0.127)))
    )
    (fp_text value 0.1uF (at 0 0) (layer F.SilkS) hide
      (effects (font (size 0.635 0.635) (thickness 0.127)))
    )
    (fp_line (start -1.85 -0.75) (end 1.85 -0.75) (layer F.CrtYd) (width 0.05))
    (fp_line (start -1.85 0.75) (end 1.85 0.75) (layer F.CrtYd) (width 0.05))
    (fp_line (start -1.85 -0.75) (end -1.85 0.75) (layer F.CrtYd) (width 0.05))
    (fp_line (start 1.85 -0.75) (end 1.85 0.75) (layer F.CrtYd) (width 0.05))
    (fp_line (start -0.35 -0.6) (end 0.35 -0.6) (layer F.SilkS) (width 0.15))
    (fp_line (start 0.35 0.6) (end -0.35 0.6) (layer F.SilkS) (width 0.15))
    (pad 1 smd rect (at -0.95 0) (size 1.2 0.75) (layers Front F.Paste F.Mask)
      (net 3 /+3_3V))
    (pad 2 smd rect (at 0.95 0) (size 1.2 0.75) (layers Front F.Paste F.Mask)
      (net 2 GND))
    (model Capacitors_SMD.3dshapes/C_0603_HandSoldering.wrl
      (at (xyz 0 0 0))
      (scale (xyz 1 1 1))
      (rotate (xyz 0 0 0))
    )
  )

  (module Capacitors_SMD:C_0603_HandSoldering (layer Back) (tedit 577EC342) (tstamp 55FA0322)
    (at 53.425 131.5 270)
    (descr "Capacitor SMD 0603, hand soldering")
    (tags "capacitor 0603")
    (path /55383E52)
    (attr smd)
    (fp_text reference C29 (at 0.725 1.85 360) (layer B.SilkS)
      (effects (font (size 0.635 0.635) (thickness 0.127)) (justify mirror))
    )
    (fp_text value 0.1uF (at 0 -0.025 270) (layer B.SilkS) hide
      (effects (font (size 0.635 0.635) (thickness 0.127)) (justify mirror))
    )
    (fp_line (start -1.85 0.75) (end 1.85 0.75) (layer B.CrtYd) (width 0.05))
    (fp_line (start -1.85 -0.75) (end 1.85 -0.75) (layer B.CrtYd) (width 0.05))
    (fp_line (start -1.85 0.75) (end -1.85 -0.75) (layer B.CrtYd) (width 0.05))
    (fp_line (start 1.85 0.75) (end 1.85 -0.75) (layer B.CrtYd) (width 0.05))
    (fp_line (start -0.35 0.6) (end 0.35 0.6) (layer B.SilkS) (width 0.15))
    (fp_line (start 0.35 -0.6) (end -0.35 -0.6) (layer B.SilkS) (width 0.15))
    (pad 1 smd rect (at -0.95 0 270) (size 1.2 0.75) (layers Back B.Paste B.Mask)
      (net 3 /+3_3V))
    (pad 2 smd rect (at 0.95 0 270) (size 1.2 0.75) (layers Back B.Paste B.Mask)
      (net 2 GND))
    (model Capacitors_SMD.3dshapes/C_0603_HandSoldering.wrl
      (at (xyz 0 0 0))
      (scale (xyz 1 1 1))
      (rotate (xyz 0 0 0))
    )
  )

  (module Capacitors_SMD:C_0603_HandSoldering (layer Front) (tedit 577874B9) (tstamp 5549D1C2)
    (at 39.9 144.7 180)
    (descr "Capacitor SMD 0603, hand soldering")
    (tags "capacitor 0603")
    (path /553AE73B)
    (attr smd)
    (fp_text reference C1 (at 0 2.425 180) (layer F.SilkS)
      (effects (font (size 0.635 0.635) (thickness 0.127)))
    )
    (fp_text value 4.7uF (at 0 1.3 180) (layer F.SilkS)
      (effects (font (size 0.635 0.635) (thickness 0.127)))
    )
    (fp_line (start -1.85 -0.75) (end 1.85 -0.75) (layer F.CrtYd) (width 0.05))
    (fp_line (start -1.85 0.75) (end 1.85 0.75) (layer F.CrtYd) (width 0.05))
    (fp_line (start -1.85 -0.75) (end -1.85 0.75) (layer F.CrtYd) (width 0.05))
    (fp_line (start 1.85 -0.75) (end 1.85 0.75) (layer F.CrtYd) (width 0.05))
    (fp_line (start -0.35 -0.6) (end 0.35 -0.6) (layer F.SilkS) (width 0.15))
    (fp_line (start 0.35 0.6) (end -0.35 0.6) (layer F.SilkS) (width 0.15))
    (pad 1 smd rect (at -0.95 0 180) (size 1.2 0.75) (layers Front F.Paste F.Mask)
      (net 1 /+5V))
    (pad 2 smd rect (at 0.95 0 180) (size 1.2 0.75) (layers Front F.Paste F.Mask)
      (net 2 GND))
    (model Capacitors_SMD.3dshapes/C_0603_HandSoldering.wrl
      (at (xyz 0 0 0))
      (scale (xyz 1 1 1))
      (rotate (xyz 0 0 0))
    )
  )

  (module Capacitors_SMD:C_0603_HandSoldering (layer Back) (tedit 57787BE1) (tstamp 5549D1D4)
    (at 114.825 144.6)
    (descr "Capacitor SMD 0603, hand soldering")
    (tags "capacitor 0603")
    (path /553ACC65)
    (attr smd)
    (fp_text reference C4 (at -2.6 -0.425) (layer B.SilkS)
      (effects (font (size 0.635 0.635) (thickness 0.127)) (justify mirror))
    )
    (fp_text value 4.7uF (at -3.3 0.525) (layer B.SilkS)
      (effects (font (size 0.635 0.635) (thickness 0.127)) (justify mirror))
    )
    (fp_line (start -1.85 0.75) (end 1.85 0.75) (layer B.CrtYd) (width 0.05))
    (fp_line (start -1.85 -0.75) (end 1.85 -0.75) (layer B.CrtYd) (width 0.05))
    (fp_line (start -1.85 0.75) (end -1.85 -0.75) (layer B.CrtYd) (width 0.05))
    (fp_line (start 1.85 0.75) (end 1.85 -0.75) (layer B.CrtYd) (width 0.05))
    (fp_line (start -0.35 0.6) (end 0.35 0.6) (layer B.SilkS) (width 0.15))
    (fp_line (start 0.35 -0.6) (end -0.35 -0.6) (layer B.SilkS) (width 0.15))
    (pad 1 smd rect (at -0.95 0) (size 1.2 0.75) (layers Back B.Paste B.Mask)
      (net 1 /+5V))
    (pad 2 smd rect (at 0.95 0) (size 1.2 0.75) (layers Back B.Paste B.Mask)
      (net 2 GND))
    (model Capacitors_SMD.3dshapes/C_0603_HandSoldering.wrl
      (at (xyz 0 0 0))
      (scale (xyz 1 1 1))
      (rotate (xyz 0 0 0))
    )
  )

  (module Capacitors_SMD:C_0603_HandSoldering (layer Back) (tedit 577F52A5) (tstamp 5549D276)
    (at 65.95 133.1)
    (descr "Capacitor SMD 0603, hand soldering")
    (tags "capacitor 0603")
    (path /55383C59)
    (attr smd)
    (fp_text reference C31 (at 0 1.75) (layer B.SilkS)
      (effects (font (size 0.635 0.635) (thickness 0.127)) (justify mirror))
    )
    (fp_text value 0.1uF (at 0 0) (layer B.SilkS) hide
      (effects (font (size 0.635 0.635) (thickness 0.127)) (justify mirror))
    )
    (fp_line (start -1.85 0.75) (end 1.85 0.75) (layer B.CrtYd) (width 0.05))
    (fp_line (start -1.85 -0.75) (end 1.85 -0.75) (layer B.CrtYd) (width 0.05))
    (fp_line (start -1.85 0.75) (end -1.85 -0.75) (layer B.CrtYd) (width 0.05))
    (fp_line (start 1.85 0.75) (end 1.85 -0.75) (layer B.CrtYd) (width 0.05))
    (fp_line (start -0.35 0.6) (end 0.35 0.6) (layer B.SilkS) (width 0.15))
    (fp_line (start 0.35 -0.6) (end -0.35 -0.6) (layer B.SilkS) (width 0.15))
    (pad 1 smd rect (at -0.95 0) (size 1.2 0.75) (layers Back B.Paste B.Mask)
      (net 3 /+3_3V))
    (pad 2 smd rect (at 0.95 0) (size 1.2 0.75) (layers Back B.Paste B.Mask)
      (net 2 GND))
    (model Capacitors_SMD.3dshapes/C_0603_HandSoldering.wrl
      (at (xyz 0 0 0))
      (scale (xyz 1 1 1))
      (rotate (xyz 0 0 0))
    )
  )

  (module Capacitors_SMD:C_0603_HandSoldering (layer Back) (tedit 577879D1) (tstamp 5549D27C)
    (at 65.5 111.2 270)
    (descr "Capacitor SMD 0603, hand soldering")
    (tags "capacitor 0603")
    (path /55383C66)
    (attr smd)
    (fp_text reference C32 (at 0.975 -2 360) (layer B.SilkS)
      (effects (font (size 0.635 0.635) (thickness 0.127)) (justify mirror))
    )
    (fp_text value 0.1uF (at 0 0 270) (layer B.SilkS) hide
      (effects (font (size 0.635 0.635) (thickness 0.127)) (justify mirror))
    )
    (fp_line (start -1.85 0.75) (end 1.85 0.75) (layer B.CrtYd) (width 0.05))
    (fp_line (start -1.85 -0.75) (end 1.85 -0.75) (layer B.CrtYd) (width 0.05))
    (fp_line (start -1.85 0.75) (end -1.85 -0.75) (layer B.CrtYd) (width 0.05))
    (fp_line (start 1.85 0.75) (end 1.85 -0.75) (layer B.CrtYd) (width 0.05))
    (fp_line (start -0.35 0.6) (end 0.35 0.6) (layer B.SilkS) (width 0.15))
    (fp_line (start 0.35 -0.6) (end -0.35 -0.6) (layer B.SilkS) (width 0.15))
    (pad 1 smd rect (at -0.95 0 270) (size 1.2 0.75) (layers Back B.Paste B.Mask)
      (net 3 /+3_3V))
    (pad 2 smd rect (at 0.95 0 270) (size 1.2 0.75) (layers Back B.Paste B.Mask)
      (net 2 GND))
    (model Capacitors_SMD.3dshapes/C_0603_HandSoldering.wrl
      (at (xyz 0 0 0))
      (scale (xyz 1 1 1))
      (rotate (xyz 0 0 0))
    )
  )

  (module Capacitors_SMD:C_0603_HandSoldering (layer Front) (tedit 5778790E) (tstamp 5549D288)
    (at 42.45 123.3 180)
    (descr "Capacitor SMD 0603, hand soldering")
    (tags "capacitor 0603")
    (path /55383D8D)
    (attr smd)
    (fp_text reference C34 (at 0.05 1.45 180) (layer F.SilkS)
      (effects (font (size 0.635 0.635) (thickness 0.127)))
    )
    (fp_text value 0.1uF (at 0 0 180) (layer F.SilkS) hide
      (effects (font (size 0.635 0.635) (thickness 0.127)))
    )
    (fp_line (start -1.85 -0.75) (end 1.85 -0.75) (layer F.CrtYd) (width 0.05))
    (fp_line (start -1.85 0.75) (end 1.85 0.75) (layer F.CrtYd) (width 0.05))
    (fp_line (start -1.85 -0.75) (end -1.85 0.75) (layer F.CrtYd) (width 0.05))
    (fp_line (start 1.85 -0.75) (end 1.85 0.75) (layer F.CrtYd) (width 0.05))
    (fp_line (start -0.35 -0.6) (end 0.35 -0.6) (layer F.SilkS) (width 0.15))
    (fp_line (start 0.35 0.6) (end -0.35 0.6) (layer F.SilkS) (width 0.15))
    (pad 1 smd rect (at -0.95 0 180) (size 1.2 0.75) (layers Front F.Paste F.Mask)
      (net 3 /+3_3V))
    (pad 2 smd rect (at 0.95 0 180) (size 1.2 0.75) (layers Front F.Paste F.Mask)
      (net 2 GND))
    (model Capacitors_SMD.3dshapes/C_0603_HandSoldering.wrl
      (at (xyz 0 0 0))
      (scale (xyz 1 1 1))
      (rotate (xyz 0 0 0))
    )
  )

  (module Capacitors_SMD:C_0603_HandSoldering (layer Front) (tedit 57830797) (tstamp 5549D28E)
    (at 74.55 130.825)
    (descr "Capacitor SMD 0603, hand soldering")
    (tags "capacitor 0603")
    (path /55387180)
    (attr smd)
    (fp_text reference C35 (at -0.025 1.2) (layer F.SilkS)
      (effects (font (size 0.635 0.635) (thickness 0.127)))
    )
    (fp_text value 0.1uF (at 0 0) (layer F.SilkS) hide
      (effects (font (size 0.635 0.635) (thickness 0.127)))
    )
    (fp_line (start -1.85 -0.75) (end 1.85 -0.75) (layer F.CrtYd) (width 0.05))
    (fp_line (start -1.85 0.75) (end 1.85 0.75) (layer F.CrtYd) (width 0.05))
    (fp_line (start -1.85 -0.75) (end -1.85 0.75) (layer F.CrtYd) (width 0.05))
    (fp_line (start 1.85 -0.75) (end 1.85 0.75) (layer F.CrtYd) (width 0.05))
    (fp_line (start -0.35 -0.6) (end 0.35 -0.6) (layer F.SilkS) (width 0.15))
    (fp_line (start 0.35 0.6) (end -0.35 0.6) (layer F.SilkS) (width 0.15))
    (pad 1 smd rect (at -0.95 0) (size 1.2 0.75) (layers Front F.Paste F.Mask)
      (net 3 /+3_3V))
    (pad 2 smd rect (at 0.95 0) (size 1.2 0.75) (layers Front F.Paste F.Mask)
      (net 2 GND))
    (model Capacitors_SMD.3dshapes/C_0603_HandSoldering.wrl
      (at (xyz 0 0 0))
      (scale (xyz 1 1 1))
      (rotate (xyz 0 0 0))
    )
  )

  (module Capacitors_SMD:C_0603_HandSoldering (layer Front) (tedit 5780A514) (tstamp 5549D294)
    (at 43.6 131.05 180)
    (descr "Capacitor SMD 0603, hand soldering")
    (tags "capacitor 0603")
    (path /5538718C)
    (attr smd)
    (fp_text reference C36 (at 0.025 1.45 180) (layer F.SilkS)
      (effects (font (size 0.635 0.635) (thickness 0.127)))
    )
    (fp_text value 0.1uF (at 0 0 180) (layer F.SilkS) hide
      (effects (font (size 0.635 0.635) (thickness 0.127)))
    )
    (fp_line (start -1.85 -0.75) (end 1.85 -0.75) (layer F.CrtYd) (width 0.05))
    (fp_line (start -1.85 0.75) (end 1.85 0.75) (layer F.CrtYd) (width 0.05))
    (fp_line (start -1.85 -0.75) (end -1.85 0.75) (layer F.CrtYd) (width 0.05))
    (fp_line (start 1.85 -0.75) (end 1.85 0.75) (layer F.CrtYd) (width 0.05))
    (fp_line (start -0.35 -0.6) (end 0.35 -0.6) (layer F.SilkS) (width 0.15))
    (fp_line (start 0.35 0.6) (end -0.35 0.6) (layer F.SilkS) (width 0.15))
    (pad 1 smd rect (at -0.95 0 180) (size 1.2 0.75) (layers Front F.Paste F.Mask)
      (net 3 /+3_3V))
    (pad 2 smd rect (at 0.95 0 180) (size 1.2 0.75) (layers Front F.Paste F.Mask)
      (net 2 GND))
    (model Capacitors_SMD.3dshapes/C_0603_HandSoldering.wrl
      (at (xyz 0 0 0))
      (scale (xyz 1 1 1))
      (rotate (xyz 0 0 0))
    )
  )

  (module Capacitors_SMD:C_0603_HandSoldering (layer Back) (tedit 577879FA) (tstamp 5549D29A)
    (at 60.95 114.475 270)
    (descr "Capacitor SMD 0603, hand soldering")
    (tags "capacitor 0603")
    (path /553870EB)
    (attr smd)
    (fp_text reference C37 (at 0.975 2 360) (layer B.SilkS)
      (effects (font (size 0.635 0.635) (thickness 0.127)) (justify mirror))
    )
    (fp_text value 0.1uF (at 0 0 270) (layer B.SilkS) hide
      (effects (font (size 0.635 0.635) (thickness 0.127)) (justify mirror))
    )
    (fp_line (start -1.85 0.75) (end 1.85 0.75) (layer B.CrtYd) (width 0.05))
    (fp_line (start -1.85 -0.75) (end 1.85 -0.75) (layer B.CrtYd) (width 0.05))
    (fp_line (start -1.85 0.75) (end -1.85 -0.75) (layer B.CrtYd) (width 0.05))
    (fp_line (start 1.85 0.75) (end 1.85 -0.75) (layer B.CrtYd) (width 0.05))
    (fp_line (start -0.35 0.6) (end 0.35 0.6) (layer B.SilkS) (width 0.15))
    (fp_line (start 0.35 -0.6) (end -0.35 -0.6) (layer B.SilkS) (width 0.15))
    (pad 1 smd rect (at -0.95 0 270) (size 1.2 0.75) (layers Back B.Paste B.Mask)
      (net 3 /+3_3V))
    (pad 2 smd rect (at 0.95 0 270) (size 1.2 0.75) (layers Back B.Paste B.Mask)
      (net 2 GND))
    (model Capacitors_SMD.3dshapes/C_0603_HandSoldering.wrl
      (at (xyz 0 0 0))
      (scale (xyz 1 1 1))
      (rotate (xyz 0 0 0))
    )
  )

  (module Capacitors_SMD:C_0603_HandSoldering (layer Front) (tedit 577878A0) (tstamp 5549D2A0)
    (at 71.85 109.1 90)
    (descr "Capacitor SMD 0603, hand soldering")
    (tags "capacitor 0603")
    (path /553870F7)
    (attr smd)
    (fp_text reference C38 (at -1.425 -1.875 180) (layer F.SilkS)
      (effects (font (size 0.635 0.635) (thickness 0.127)))
    )
    (fp_text value 0.1uF (at 0 0 90) (layer F.SilkS) hide
      (effects (font (size 0.635 0.635) (thickness 0.127)))
    )
    (fp_line (start -1.85 -0.75) (end 1.85 -0.75) (layer F.CrtYd) (width 0.05))
    (fp_line (start -1.85 0.75) (end 1.85 0.75) (layer F.CrtYd) (width 0.05))
    (fp_line (start -1.85 -0.75) (end -1.85 0.75) (layer F.CrtYd) (width 0.05))
    (fp_line (start 1.85 -0.75) (end 1.85 0.75) (layer F.CrtYd) (width 0.05))
    (fp_line (start -0.35 -0.6) (end 0.35 -0.6) (layer F.SilkS) (width 0.15))
    (fp_line (start 0.35 0.6) (end -0.35 0.6) (layer F.SilkS) (width 0.15))
    (pad 1 smd rect (at -0.95 0 90) (size 1.2 0.75) (layers Front F.Paste F.Mask)
      (net 3 /+3_3V))
    (pad 2 smd rect (at 0.95 0 90) (size 1.2 0.75) (layers Front F.Paste F.Mask)
      (net 2 GND))
    (model Capacitors_SMD.3dshapes/C_0603_HandSoldering.wrl
      (at (xyz 0 0 0))
      (scale (xyz 1 1 1))
      (rotate (xyz 0 0 0))
    )
  )

  (module Capacitors_SMD:C_0603_HandSoldering (layer Front) (tedit 5783078E) (tstamp 5549D2A6)
    (at 74.55 127.025)
    (descr "Capacitor SMD 0603, hand soldering")
    (tags "capacitor 0603")
    (path /5538AC1E)
    (attr smd)
    (fp_text reference C39 (at 0 1.175) (layer F.SilkS)
      (effects (font (size 0.635 0.635) (thickness 0.127)))
    )
    (fp_text value 0.1uF (at 0 0) (layer F.SilkS) hide
      (effects (font (size 0.635 0.635) (thickness 0.127)))
    )
    (fp_line (start -1.85 -0.75) (end 1.85 -0.75) (layer F.CrtYd) (width 0.05))
    (fp_line (start -1.85 0.75) (end 1.85 0.75) (layer F.CrtYd) (width 0.05))
    (fp_line (start -1.85 -0.75) (end -1.85 0.75) (layer F.CrtYd) (width 0.05))
    (fp_line (start 1.85 -0.75) (end 1.85 0.75) (layer F.CrtYd) (width 0.05))
    (fp_line (start -0.35 -0.6) (end 0.35 -0.6) (layer F.SilkS) (width 0.15))
    (fp_line (start 0.35 0.6) (end -0.35 0.6) (layer F.SilkS) (width 0.15))
    (pad 1 smd rect (at -0.95 0) (size 1.2 0.75) (layers Front F.Paste F.Mask)
      (net 3 /+3_3V))
    (pad 2 smd rect (at 0.95 0) (size 1.2 0.75) (layers Front F.Paste F.Mask)
      (net 2 GND))
    (model Capacitors_SMD.3dshapes/C_0603_HandSoldering.wrl
      (at (xyz 0 0 0))
      (scale (xyz 1 1 1))
      (rotate (xyz 0 0 0))
    )
  )

  (module Capacitors_SMD:C_0603_HandSoldering (layer Front) (tedit 57787604) (tstamp 5549D2B2)
    (at 71.95 133.3)
    (descr "Capacitor SMD 0603, hand soldering")
    (tags "capacitor 0603")
    (path /5538AC2A)
    (attr smd)
    (fp_text reference C41 (at 0 -1.2) (layer F.SilkS)
      (effects (font (size 0.635 0.635) (thickness 0.127)))
    )
    (fp_text value 0.1uF (at 0 0) (layer F.SilkS) hide
      (effects (font (size 0.635 0.635) (thickness 0.127)))
    )
    (fp_line (start -1.85 -0.75) (end 1.85 -0.75) (layer F.CrtYd) (width 0.05))
    (fp_line (start -1.85 0.75) (end 1.85 0.75) (layer F.CrtYd) (width 0.05))
    (fp_line (start -1.85 -0.75) (end -1.85 0.75) (layer F.CrtYd) (width 0.05))
    (fp_line (start 1.85 -0.75) (end 1.85 0.75) (layer F.CrtYd) (width 0.05))
    (fp_line (start -0.35 -0.6) (end 0.35 -0.6) (layer F.SilkS) (width 0.15))
    (fp_line (start 0.35 0.6) (end -0.35 0.6) (layer F.SilkS) (width 0.15))
    (pad 1 smd rect (at -0.95 0) (size 1.2 0.75) (layers Front F.Paste F.Mask)
      (net 3 /+3_3V))
    (pad 2 smd rect (at 0.95 0) (size 1.2 0.75) (layers Front F.Paste F.Mask)
      (net 2 GND))
    (model Capacitors_SMD.3dshapes/C_0603_HandSoldering.wrl
      (at (xyz 0 0 0))
      (scale (xyz 1 1 1))
      (rotate (xyz 0 0 0))
    )
  )

  (module Capacitors_SMD:C_0603_HandSoldering (layer Back) (tedit 57787A43) (tstamp 5549D2B8)
    (at 51.15 111.3)
    (descr "Capacitor SMD 0603, hand soldering")
    (tags "capacitor 0603")
    (path /5538ABF8)
    (attr smd)
    (fp_text reference C42 (at -0.825 -1.425) (layer B.SilkS)
      (effects (font (size 0.635 0.635) (thickness 0.127)) (justify mirror))
    )
    (fp_text value 0.1uF (at 0 0) (layer B.SilkS) hide
      (effects (font (size 0.635 0.635) (thickness 0.127)) (justify mirror))
    )
    (fp_line (start -1.85 0.75) (end 1.85 0.75) (layer B.CrtYd) (width 0.05))
    (fp_line (start -1.85 -0.75) (end 1.85 -0.75) (layer B.CrtYd) (width 0.05))
    (fp_line (start -1.85 0.75) (end -1.85 -0.75) (layer B.CrtYd) (width 0.05))
    (fp_line (start 1.85 0.75) (end 1.85 -0.75) (layer B.CrtYd) (width 0.05))
    (fp_line (start -0.35 0.6) (end 0.35 0.6) (layer B.SilkS) (width 0.15))
    (fp_line (start 0.35 -0.6) (end -0.35 -0.6) (layer B.SilkS) (width 0.15))
    (pad 1 smd rect (at -0.95 0) (size 1.2 0.75) (layers Back B.Paste B.Mask)
      (net 3 /+3_3V))
    (pad 2 smd rect (at 0.95 0) (size 1.2 0.75) (layers Back B.Paste B.Mask)
      (net 2 GND))
    (model Capacitors_SMD.3dshapes/C_0603_HandSoldering.wrl
      (at (xyz 0 0 0))
      (scale (xyz 1 1 1))
      (rotate (xyz 0 0 0))
    )
  )

  (module Capacitors_SMD:C_0603_HandSoldering (layer Back) (tedit 57787A4D) (tstamp 5549D2C4)
    (at 51.15 113.35)
    (descr "Capacitor SMD 0603, hand soldering")
    (tags "capacitor 0603")
    (path /5538AC04)
    (attr smd)
    (fp_text reference C44 (at -0.825 1.5) (layer B.SilkS)
      (effects (font (size 0.635 0.635) (thickness 0.127)) (justify mirror))
    )
    (fp_text value 0.1uF (at 0 0) (layer B.SilkS) hide
      (effects (font (size 0.635 0.635) (thickness 0.127)) (justify mirror))
    )
    (fp_line (start -1.85 0.75) (end 1.85 0.75) (layer B.CrtYd) (width 0.05))
    (fp_line (start -1.85 -0.75) (end 1.85 -0.75) (layer B.CrtYd) (width 0.05))
    (fp_line (start -1.85 0.75) (end -1.85 -0.75) (layer B.CrtYd) (width 0.05))
    (fp_line (start 1.85 0.75) (end 1.85 -0.75) (layer B.CrtYd) (width 0.05))
    (fp_line (start -0.35 0.6) (end 0.35 0.6) (layer B.SilkS) (width 0.15))
    (fp_line (start 0.35 -0.6) (end -0.35 -0.6) (layer B.SilkS) (width 0.15))
    (pad 1 smd rect (at -0.95 0) (size 1.2 0.75) (layers Back B.Paste B.Mask)
      (net 3 /+3_3V))
    (pad 2 smd rect (at 0.95 0) (size 1.2 0.75) (layers Back B.Paste B.Mask)
      (net 2 GND))
    (model Capacitors_SMD.3dshapes/C_0603_HandSoldering.wrl
      (at (xyz 0 0 0))
      (scale (xyz 1 1 1))
      (rotate (xyz 0 0 0))
    )
  )

  (module Capacitors_SMD:C_0603_HandSoldering (layer Front) (tedit 57787887) (tstamp 5549D2D0)
    (at 73.8 109.1 90)
    (descr "Capacitor SMD 0603, hand soldering")
    (tags "capacitor 0603")
    (path /5538ABE0)
    (attr smd)
    (fp_text reference C46 (at -1.425 1.775 180) (layer F.SilkS)
      (effects (font (size 0.635 0.635) (thickness 0.127)))
    )
    (fp_text value 0.1uF (at 0 0 90) (layer F.SilkS) hide
      (effects (font (size 0.635 0.635) (thickness 0.127)))
    )
    (fp_line (start -1.85 -0.75) (end 1.85 -0.75) (layer F.CrtYd) (width 0.05))
    (fp_line (start -1.85 0.75) (end 1.85 0.75) (layer F.CrtYd) (width 0.05))
    (fp_line (start -1.85 -0.75) (end -1.85 0.75) (layer F.CrtYd) (width 0.05))
    (fp_line (start 1.85 -0.75) (end 1.85 0.75) (layer F.CrtYd) (width 0.05))
    (fp_line (start -0.35 -0.6) (end 0.35 -0.6) (layer F.SilkS) (width 0.15))
    (fp_line (start 0.35 0.6) (end -0.35 0.6) (layer F.SilkS) (width 0.15))
    (pad 1 smd rect (at -0.95 0 90) (size 1.2 0.75) (layers Front F.Paste F.Mask)
      (net 3 /+3_3V))
    (pad 2 smd rect (at 0.95 0 90) (size 1.2 0.75) (layers Front F.Paste F.Mask)
      (net 2 GND))
    (model Capacitors_SMD.3dshapes/C_0603_HandSoldering.wrl
      (at (xyz 0 0 0))
      (scale (xyz 1 1 1))
      (rotate (xyz 0 0 0))
    )
  )

  (module Capacitors_SMD:C_0603_HandSoldering (layer Front) (tedit 5780A40E) (tstamp 5549D2D6)
    (at 46.5 134.25 180)
    (descr "Capacitor SMD 0603, hand soldering")
    (tags "capacitor 0603")
    (path /5538ABEC)
    (attr smd)
    (fp_text reference C47 (at 0 -1.45 180) (layer F.SilkS)
      (effects (font (size 0.635 0.635) (thickness 0.127)))
    )
    (fp_text value 0.1uF (at 0 0 180) (layer F.SilkS) hide
      (effects (font (size 0.635 0.635) (thickness 0.127)))
    )
    (fp_line (start -1.85 -0.75) (end 1.85 -0.75) (layer F.CrtYd) (width 0.05))
    (fp_line (start -1.85 0.75) (end 1.85 0.75) (layer F.CrtYd) (width 0.05))
    (fp_line (start -1.85 -0.75) (end -1.85 0.75) (layer F.CrtYd) (width 0.05))
    (fp_line (start 1.85 -0.75) (end 1.85 0.75) (layer F.CrtYd) (width 0.05))
    (fp_line (start -0.35 -0.6) (end 0.35 -0.6) (layer F.SilkS) (width 0.15))
    (fp_line (start 0.35 0.6) (end -0.35 0.6) (layer F.SilkS) (width 0.15))
    (pad 1 smd rect (at -0.95 0 180) (size 1.2 0.75) (layers Front F.Paste F.Mask)
      (net 3 /+3_3V))
    (pad 2 smd rect (at 0.95 0 180) (size 1.2 0.75) (layers Front F.Paste F.Mask)
      (net 2 GND))
    (model Capacitors_SMD.3dshapes/C_0603_HandSoldering.wrl
      (at (xyz 0 0 0))
      (scale (xyz 1 1 1))
      (rotate (xyz 0 0 0))
    )
  )

  (module wasca:TSOPII54_SDRAM_MT48 (layer Front) (tedit 5780A1C5) (tstamp 55F9BA3E)
    (at 45.9 97.55 180)
    (tags "TSOPII54 JEDEC SDRAM Opendous")
    (path /55F2E48B)
    (attr smd)
    (fp_text reference U9 (at 9.175 -7.25 180) (layer F.SilkS)
      (effects (font (size 0.635 0.635) (thickness 0.127)))
    )
    (fp_text value SDRAM_MT48_x16 (at 5.65 -8.15 180) (layer F.SilkS)
      (effects (font (size 0.635 0.635) (thickness 0.127)))
    )
    (fp_line (start 11.0998 -5.30098) (end 10.59942 -5.30098) (layer F.SilkS) (width 0.1778))
    (fp_line (start 11.0998 5.30098) (end 10.59942 5.30098) (layer F.SilkS) (width 0.1778))
    (fp_line (start -11.10234 5.30098) (end -10.60196 5.30098) (layer F.SilkS) (width 0.1778))
    (fp_line (start -11.10234 -5.30098) (end -10.60196 -5.30098) (layer F.SilkS) (width 0.1778))
    (fp_line (start 10.34796 -3.0988) (end 11.049 -3.0988) (layer F.SilkS) (width 0.1778))
    (fp_line (start 11.049 -2.94894) (end 10.2489 -2.94894) (layer F.SilkS) (width 0.1778))
    (fp_line (start 10.1981 -2.79908) (end 11.049 -2.79908) (layer F.SilkS) (width 0.1778))
    (fp_line (start 11.09726 -2.64922) (end 10.1473 -2.64922) (layer F.SilkS) (width 0.1778))
    (fp_line (start 10.1473 -2.4003) (end 11.049 -2.4003) (layer F.SilkS) (width 0.1778))
    (fp_line (start 11.049 -2.30124) (end 10.1981 -2.30124) (layer F.SilkS) (width 0.1778))
    (fp_line (start 10.1981 -2.19964) (end 11.049 -2.19964) (layer F.SilkS) (width 0.1778))
    (fp_line (start 11.09726 -2.04978) (end 10.2489 -2.04978) (layer F.SilkS) (width 0.1778))
    (fp_line (start 10.29716 -1.89992) (end 11.049 -1.89992) (layer F.SilkS) (width 0.1778))
    (fp_line (start 10.39876 -1.75006) (end 11.09726 -1.75006) (layer F.SilkS) (width 0.1778))
    (fp_line (start 10.34796 -3.2004) (end 11.09726 -3.2004) (layer F.SilkS) (width 0.1778))
    (fp_line (start -11.05154 -3.1496) (end -10.4013 -3.1496) (layer F.SilkS) (width 0.1778))
    (fp_line (start -10.25144 -3.05054) (end -11.0998 -3.05054) (layer F.SilkS) (width 0.1778))
    (fp_line (start -11.05154 -2.90068) (end -10.25144 -2.90068) (layer F.SilkS) (width 0.1778))
    (fp_line (start -10.14984 -2.79908) (end -11.05154 -2.79908) (layer F.SilkS) (width 0.1778))
    (fp_line (start -11.0998 -2.64922) (end -10.14984 -2.64922) (layer F.SilkS) (width 0.1778))
    (fp_line (start -11.0998 -2.3495) (end -10.14984 -2.3495) (layer F.SilkS) (width 0.1778))
    (fp_line (start -11.0998 -2.25044) (end -10.14984 -2.25044) (layer F.SilkS) (width 0.1778))
    (fp_line (start -11.0998 -2.10058) (end -10.20064 -2.10058) (layer F.SilkS) (width 0.1778))
    (fp_line (start -11.0998 -1.95072) (end -10.25144 -1.95072) (layer F.SilkS) (width 0.1778))
    (fp_line (start -10.3505 -1.80086) (end -11.0998 -1.80086) (layer F.SilkS) (width 0.1778))
    (fp_line (start -10.4013 -3.2512) (end -11.0998 -3.2512) (layer F.SilkS) (width 0.1778))
    (fp_arc (start -11.0998 -2.49936) (end -10.4013 -3.2512) (angle 90) (layer F.SilkS) (width 0.1778))
    (fp_arc (start 11.09726 -2.49936) (end 10.39876 -1.75006) (angle 90) (layer F.SilkS) (width 0.1778))
    (fp_line (start 11.09726 -2.49936) (end 10.09904 -2.49936) (layer F.SilkS) (width 0.1778))
    (fp_line (start -11.0998 -2.49936) (end -10.10158 -2.49936) (layer F.SilkS) (width 0.1778))
    (fp_circle (center -10.14476 4.07162) (end -9.74598 3.67284) (layer F.SilkS) (width 0.1778))
    (fp_line (start -11.10234 -5.30098) (end -11.10234 5.30098) (layer F.SilkS) (width 0.1778))
    (fp_line (start 11.0998 -5.30098) (end 11.0998 5.30098) (layer F.SilkS) (width 0.1778))
    (pad 1 smd rect (at -10.4013 5.67944 180) (size 0.3556 1.27) (layers Front F.Paste F.Mask)
      (net 3 /+3_3V))
    (pad 54 smd rect (at -10.4013 -5.67944 180) (size 0.3556 1.27) (layers Front F.Paste F.Mask)
      (net 2 GND))
    (pad 2 smd rect (at -9.6012 5.67944 180) (size 0.3556 1.27) (layers Front F.Paste F.Mask)
      (net 47 /SDR_DQ0))
    (pad 53 smd rect (at -9.6012 -5.67944 180) (size 0.3556 1.27) (layers Front F.Paste F.Mask)
      (net 84 /SDR_DQ15))
    (pad 3 smd rect (at -8.8011 5.67944 180) (size 0.3556 1.27) (layers Front F.Paste F.Mask)
      (net 3 /+3_3V))
    (pad 52 smd rect (at -8.8011 -5.67944 180) (size 0.3556 1.27) (layers Front F.Paste F.Mask)
      (net 2 GND))
    (pad 4 smd rect (at -8.001 5.67944 180) (size 0.3556 1.27) (layers Front F.Paste F.Mask)
      (net 48 /SDR_DQ1))
